4708 5590
7424 88
912 10202
14192 8260
1276 11956
16832 8186
2404 17274
16200 7406
16264 9409
18272 1083
12320 4321
19400 6003
19912 6568
3816 9738
8544 6938
10844 6281
17636 6474
13924 3455
10036 3527
14408 8758
10704 2637
5224 6950
19448 2181
10748 4890
10428 1922
14012 4981
18152 7214
19832 1163
1060 14776
19388 1862
14600 3420
2224 4968
8464 6310
7452 486
10440 5402
19004 250
14492 7503
15104 3398
12608 4800
1924 18006
7168 16704
456 11944
19320 1752
1076 1460
19436 7046
3504 4218
3348 17274
7784 1960
3996 1394
7176 6492
9936 2094
12132 9176
4164 1718
2980 2810
8772 2452
16688 1197
14748 6404
15232 6377
4648 16704
2096 3174
4672 19708
168 2078
3492 11112
1412 19590
13516 6359
3204 4750
8132 9650
5548 9930
9764 4094
14048 78
10848 1816
18524 920
17660 7466
17616 4436
2192 10804
7968 18318
17500 4360
16608 7028
7464 4334
15648 6161
13740 9850
1952 8408
11336 154
9600 17206
10504 2205
6472 780
7900 9226
15428 6670
16500 4393
14620 1446
1980 13318
9816 2068
2416 2826
7516 18482
4840 12698
13004 3932
17060 1055
7980 2898
9896 2032
16220 3199
6968 19456
1316 590
3528 2732
10604 8459
15196 4167
12824 7753
13556 6088
13112 780
15304 2716
11628 7825
17584 2380
2320 10822
14028 1463
13528 4037
17164 3270
18960 1459
9088 1136
704 7310
11184 4062
18392 6790
10572 578
740 18440
8028 5578
4120 8870
6528 5850
19312 3390
12192 2858
19364 4515
492 10404
360 10000
11820 7792
3008 5804
17684 7002
16140 2491
1716 410
18452 7126
16092 4652
2700 15950
2688 10442
19888 5890
9840 13582
12 12920
14168 4256
17444 4931
12968 6386
5076 6344
5360 17772
19336 8737
192 644
6252 13152
864 12096
8800 3146
15620 2645
18116 8184
15792 2112
8720 19970
916 7550
11328 8408
3632 15006
188 12156
17368 5622
15380 8564
18684 9619
8360 1106
14100 3303
8592 12426
12656 1389
15456 2198
12236 5471
3668 4194
10208 133
4356 11702
5660 10766
13348 8206
564 16296
6424 15626
16812 3821
8208 14444
14112 4389
8264 12484
14128 6281
5992 6966
6008 8212
4872 3084
6648 11406
18936 768
636 15244
8476 11330
132 9060
14344 5607
1552 2960
9560 16402
5932 6728
12356 9952
16756 9659
3840 9762
4744 18236
19084 9110
13628 4234
13104 9474
10252 7946
3792 11812
14612 6892
7908 4474
15008 4
16776 4473
11512 2174
15368 5474
1092 4
10552 7128
15608 2983
13708 7396
11532 9718
18068 2669
9988 14856
6416 15050
15748 8314
15364 8071
7624 10196
4768 16454
4452 14598
328 3502
7796 8228
3892 17032
15240 4527
15784 61
15548 739
9792 13230
12980 431
4900 14804
14416 603
716 3796
15616 4567
848 11818
19592 9969
6164 18484
14504 7217
12940 461
9464 15284
13580 52
5636 18272
13440 2301
10460 4147
12552 6193
14764 8165
6176 10018
15096 4238
18060 4959
44 14950
1432 11426
4860 4814
8236 580
19000 7155
9904 50
14436 7156
6824 16232
7896 11930
10312 5607
2032 4550
15804 387
17784 3635
1848 2348
1768 17864
16672 9267
18268 9864
1488 19488
19984 6803
15872 3969
11996 7420
19600 986
14260 5857
6180 14166
3392 13614
6572 4866
5552 11966
8748 11034
3096 15868
16292 6249
12316 5395
17328 6963
1724 18336
8964 10138
1808 5726
1960 17636
1560 12826
19348 8511
9948 1014
4772 9668
1108 15710
18256 6879
13424 5135
6184 12208
10516 9401
4960 18112
6380 5918
7264 4174
124 17442
6240 10650
4752 6264
19516 4773
19476 2578
17224 9292
7172 13142
5832 14984
7120 4918
7360 458
4824 15276
12876 1311
17672 1736
16752 9245
18720 1491
980 1940
8228 16500
16452 4363
12476 3796
1896 11464
2732 12878
19784 1762
11200 7342
14792 908
3852 17056
11644 5092
19528 8759
7612 13694
2516 9050
10576 8754
5556 8096
2464 5046
5456 2048
10444 2806
6900 11594
11264 9874
6584 16584
5208 2456
15836 8936
788 13414
6056 4842
16252 2394
6064 518
3584 10412
4464 13080
19556 8513
2852 17380
17188 570
9156 4616
2964 552
16336 5578
10936 2907
11020 4562
14884 6668
7644 17988
2232 8138
1932 13908
3828 16810
16556 2423
18532 4429
7532 9958
844 12440
12720 5634
14648 1218
8644 4140
16664 4486
5852 9006
2948 17420
6228 6446
15284 2598
12840 1426
17192 1936
11592 3662
19708 1110
16868 3763
15348 3334
2412 866
19300 6209
18748 3750
18480 66
13560 6092
3916 10762
19672 7287
808 8344
19896 1172
6036 18046
15592 9255
14716 2391
1584 16924
16876 9501
18320 9729
18516 112
9060 19266
6248 7168
6852 19408
11284 6489
19256 4761
19644 9205
1200 14222
18020 806
19588 2896
2024 13454
16956 3127
15288 2107
7204 8860
17532 1445
12404 264
12960 8626
9760 9362
10164 5349
17676 2429
548 7836
9844 17348
19580 7588
6880 6188
11576 5150
4592 130
2884 17534
3952 11314
8116 9090
17008 5020
15708 6509
3352 6960
13600 8641
19232 9274
12240 1900
12752 8404
10296 9116
7412 4492
18416 901
568 9662
2544 12122
5056 9822
2252 816
7848 9436
15180 4062
9372 18814
4040 15766
3712 12018
16572 3156
13428 9100
6752 12032
9568 2782
16864 5672
18824 7661
6656 10990
14736 3268
17548 9951
13892 4995
7960 1472
9300 7252
16312 3747
6404 12178
9264 3120
12964 5559
15712 8769
19212 5771
5428 4310
7088 16742
3340 8892
4288 9414
4864 17910
6292 18310
3620 3040
5104 6178
6332 14096
19428 6666
9468 4044
2140 3788
9128 15266
5452 19084
7988 10684
13152 8232
13448 2356
19200 8654
14224 6561
4580 18164
2924 1852
7956 8810
3412 8900
1888 10454
5276 8364
14356 2334
5920 466
2264 6856
11752 8830
12152 283
18744 5617
292 5630
5508 19488
3032 11554
12976 5920
7872 7560
10944 3568
2480 12590
16480 3677
18860 1467
8632 2294
13916 2617
19020 5458
2756 18452
572 674
8512 19926
8060 17624
19356 3856
4876 2914
2800 16250
12984 2672
17656 1537
19176 1804
16156 9988
8256 12650
12616 4916
16016 667
7408 17102
4248 9140
3568 18118
6700 9284
16764 4709
19664 4419
7004 4104
10976 3066
11332 2513
11492 2950
7180 17438
14684 334
4212 3758
6500 8176
4476 10672
18400 2718
9744 1118
7372 3598
12908 5509
19280 8124
2356 8338
7440 17966
19016 6878
7912 12220
12080 9365
6320 1040
19064 1690
11664 7587
18044 7208
12156 5306
17144 2288
4776 14290
5956 8162
1500 6856
15676 448
15432 8718
7520 9532
1460 1940
6212 18926
8784 2418
1024 8308
12284 4999
9920 3140
2904 16072
16368 9956
9076 920
11088 136
2684 6478
17384 5544
8416 5648
16980 6511
4148 15180
2592 4384
15628 5028
1964 6080
13132 3187
4440 11680
6780 9610
1852 9084
15320 2403
12512 5248
8400 16504
17180 7344
6736 11422
5820 602
18460 5353
11220 2137
16212 4342
19720 6935
620 16534
17404 6061
3972 3812
11956 2026
4044 18556
4324 8072
3428 10774
3004 18524
18160 2288
13568 5650
17704 3580
9100 19300
17752 6305
5432 16714
11024 8878
17536 3693
11280 3564
18944 4234
3700 13016
10824 1679
48 9390
4252 4322
12312 4553
10260 1661
16064 746
13504 2137
1132 728
3640 6122
3000 3090
16964 2429
9384 12284
15924 5013
12244 2104
4132 5882
12304 9669
5320 8992
6960 4446
4764 10100
9368 7742
652 4710
3932 1258
3240 1128
4624 1270
16992 9269
6168 12262
13352 3084
12028 1778
4584 8062
276 7740
5252 17822
18956 9487
7884 1216
312 19040
13948 2512
4828 11342
7936 5234
19172 9697
9212 16512
816 17024
13940 6136
19416 174
14368 3535
19184 7386
4104 11574
12096 8609
17160 4004
13012 6406
5036 16908
8856 7472
14960 415
8428 11366
12292 1820
4656 18732
19900 2288
5664 6414
16080 4197
17724 6770
14148 2009
1520 9776
17388 7656
4080 6570
6928 19732
4888 14412
7208 6700
3360 15160
2740 7378
12444 3973
17140 3778
9604 1652
17204 7049
5384 7428
1264 9632
8216 12498
2892 15294
17836 2498
19968 9528
16172 9100
3628 14010
11180 5415
11816 3551
968 18824
5884 920
18656 7475
11692 6164
9160 514
18688 6401
19264 5171
10316 1463
15436 1920
11048 1343
5464 16996
11204 9891
1104 14600
19360 5797
3664 8352
8260 16090
14628 2583
1144 17792
1232 11638
11864 5565
3524 7404
1236 2478
14852 491
8948 11778
9288 6246
19052 1629
9516 15498
15152 2688
18384 4191
7240 9660
10584 1810
18100 7647
11232 8831
1492 9854
3236 16048
13720 2447
13180 1688
7016 19200
3200 9582
9976 15260
9236 8966
6100 16644
7512 10012
11128 5950
18212 1600
8984 5580
1348 15620
14680 4321
7800 17216
8636 17578
9144 18142
3272 5602
12732 414
4620 19222
9540 996
15540 38
8076 8898
19808 8255
7320 10274
10452 4716
14916 5768
19616 420
1836 5158
12056 1799
2336 1014
7560 2004
18388 5185
13280 263
4076 5698
18372 1942
4332 10322
1040 6764
17528 8294
8424 6692
1304 8210
8124 14952
8384 13128
11796 6269
15736 7531
14096 9067
9972 17694
1396 4848
18768 8535
8148 13684
5668 8440
3808 1662
7788 17886
476 210
12944 709
7648 1136
18696 5483
18856 5124
3444 5552
19936 6196
17440 9250
16000 1087
17612 2473
1156 12130
12592 8589
5896 8368
696 1020
16196 7602
13264 36
6600 7914
9676 76
1616 984
10448 2524
19548 4795
5460 11924
16448 247
5608 17120
18164 9405
6004 5050
7668 5812
11300 8548
10292 7508
15324 5059
12456 3329
18792 8318
1640 3870
18288 6275
16248 2814
9388 19294
9608 6626
6652 8166
4328 11618
17132 1029
19072 5394
2128 6396
11912 3389
11104 8954
8212 14934
8556 9160
1884 19662
11784 8772
17524 3649
16656 638
14056 5065
756 8990
6948 14738
7260 17424
19532 6718
8320 13296
2612 14186
2060 6144
15156 2004
8900 1278
3284 5756
5672 11782
1868 14422
11504 1547
19824 1744
2848 3000
6524 18458
16700 8081
8008 4456
16976 997
15064 7226
1020 15208
7212 3156
15376 8337
676 1424
2912 7234
9688 1180
10816 2888
2020 14794
1744 14714
14928 2116
17768 7005
2652 782
14280 4834
9220 946
14060 3450
4020 19820
18932 4628
5008 6608
16424 4151
5732 12536
9552 15348
12728 230
12800 5177
12756 4684
11188 5783
19496 4156
10156 9599
6820 14050
7064 1718
7032 4564
18600 4694
13644 4623
2220 19818
12628 9145
12280 3386
2044 360
16652 159
3048 10800
17120 9328
4360 11156
1056 6196
3508 1278
18316 7295
8516 14688
15452 7751
15132 5480
11872 3037
332 5990
692 11914
1372 2478
2000 10292
15780 9823
4528 10168
13356 523
16132 9523
15816 1838
552 5086
4928 8252
3812 6948
1388 7140
19608 4876
14796 2144
7996 9578
11920 2965
6024 6812
17888 4531
10664 732
6196 5984
7348 5172
4536 900
17268 4533
528 1286
18428 3196
19676 2771
11828 8217
88 936
6756 3068
15900 9035
2048 1358
8660 8892
19544 2177
7676 1598
2392 10504
9096 2826
6608 16974
7712 18598
1800 19752
8100 7874
17032 6626
3408 14658
2960 7256
12128 3540
7284 19542
15808 7773
16320 2792
15024 8249
15012 7158
11420 9973
14228 3441
5728 12474
12852 2441
2056 10916
2124 10726
9620 7698
8472 16140
11832 349
9852 16044
708 4746
14276 4731
7548 5740
3184 17744
4964 12068
6340 6952
4444 4876
17800 6466
12268 7303
19424 4172
12884 1677
10368 9941
11392 1666
6372 4676
8648 13522
17320 4262
588 1456
18348 6321
11568 9173
10756 1635
2504 8442
144 15884
10464 8678
6536 1734
8676 15964
7128 16368
4508 15816
468 17916
4296 16380
14616 600
12536 9160
7188 2266
1792 5818
16788 9831
11352 4543
1404 7424
608 15738
15052 9864
19304 1931
1916 16996
12676 3581
6124 13636
11800 1255
12760 1025
2760 6196
19404 7814
7292 13292
640 452
3788 10096
9784 16270
16620 4295
6232 10664
6420 12510
1188 7894
19260 2425
13068 9051
4428 11152
16404 9660
2616 8968
15492 6388
8924 15026
9196 5960
17036 1344
18928 5030
19288 3149
10916 5734
16520 9049
2256 3840
14920 1789
19844 6936
7740 12144
3888 15042
16692 999
6876 12300
14308 9917
6936 7434
12064 9919
15160 403
8156 6444
2532 15682
13612 7497
9408 26
216 10738
14116 8864
4560 462
152 7578
12260 8210
17148 5780
7164 4780
5584 1552
2212 3524
17720 5721
9768 15424
16028 968
11012 1569
3388 14786
2872 19050
8936 12880
2012 17730
3364 7250
9064 8024
1160 9848
13272 1914
12792 8281
16792 1626
3512 13504
5304 16186
14988 2149
10416 8860
8548 15064
5312 18938
2104 18690
18356 6775
4696 15296
15740 4931
3448 9794
12572 1293
11208 6739
18740 781
4532 152
14076 4500
18704 5353
14428 4949
3120 19154
2780 804
17936 5923
16468 2467
16328 639
904 844
19012 8374
1028 17986
9732 5638
4916 3346
16272 7107
16088 2885
13008 868
6744 13048
12032 6397
19648 5244
5528 5426
15408 5624
18680 4310
7816 17354
19568 1272
14548 5610
12844 2113
12176 7252
944 11438
560 14414
11112 9981
656 3090
3836 14556
3160 18628
12564 8223
10528 7541
13776 9695
5112 17212
6508 8364
15692 8326
4724 15116
2608 17062
19160 3911
17116 6304
12208 9599
15800 8420
9652 18788
8932 13860
15444 811
8916 11092
2728 1224
12344 37
7544 18962
3224 1848
624 18234
1096 11410
2640 2654
9864 3468
12364 8717
16648 2756
10352 5424
8812 8642
100 15042
19248 9800
6060 17300
4208 8884
8180 514
12880 7144
6992 13648
6384 19738
14664 6761
5620 3242
11360 6785
15664 4313
1540 18740
10680 9750
17652 6875
10684 3980
19152 8009
3196 14038
10380 8779
17056 2265
5844 17860
12052 4330
2352 10698
19604 3695
17872 2907
17288 9536
5000 10946
18052 7916
9132 2022
10924 8607
17972 9338
18728 9032
1320 13436
19752 7582
10240 6273
16164 6573
3656 6130
13396 8762
10344 7495
13512 3952
12568 8058
19964 9032
13552 963
14632 5591
9420 6818
2100 19316
10716 515
940 8348
6348 15580
13384 8700
17416 1567
10768 4139
8244 5944
9684 17168
15876 3531
11760 6218
4924 9598
12888 4663
16316 6777
5604 19686
10960 7785
18140 5921
5324 5992
1668 18460
15848 3159
12740 7005
12332 7234
14448 4813
8404 19872
8804 13802
10052 9208
13808 9839
10828 8993
18424 4430
6844 14930
10420 9799
10728 7312
1268 14038
18724 9894
6920 7640
13584 5653
3100 14694
19852 7263
15224 3429
3516 4564
11960 5927
6456 7936
4192 1422
3252 10650
17096 9055
10396 5292
12036 4339
5836 11098
2240 3524
10500 106
2456 19846
7252 5848
13824 8162
3488 3094
17940 3083
13328 8630
14676 5096
5576 12396
14964 2846
17316 699
8372 244
12180 7267
13968 7321
13732 5789
19688 5125
5964 2094
4812 5268
5536 18558
11164 1933
16428 1403
856 1754
4292 9042
18292 2807
5952 17442
7592 4414
19756 2396
19680 4190
17896 528
3776 9266
3648 9870
544 14824
7444 8436
16636 9931
4492 4976
444 9808
17572 5883
9980 12548
380 7872
8068 13058
8572 1478
724 10052
9960 11834
10456 7182
14656 8101
5176 10556
16904 2896
1380 1102
8896 16662
18156 4227
11508 3842
4524 14670
8344 3618
10904 8407
15552 3246
5004 15184
7152 8758
4608 17478
17456 3892
3220 13870
19440 5404
13076 3754
8112 966
3320 1434
1648 5524
10872 3152
12340 9390
15580 6626
13912 5539
10908 4144
17012 5854
7084 15482
11396 8550
13016 219
15752 9829
6704 18978
19380 5367
2664 6988
11892 2619
14372 3327
11732 8247
1704 5576
13044 6588
4108 16420
13792 8059
10104 6346
11880 8379
13464 1485
15964 1447
9248 12784
15212 1529
11556 4639
19960 2355
15084 6325
728 8784
11720 9174
4572 8830
2460 13388
392 19144
2488 9980
508 19280
9956 3730
3724 6760
860 15884
18784 5344
14316 968
5692 12574
5392 19990
11096 8858
6104 13208
2712 16972
16544 4328
10860 7312
2644 5456
6392 13578
8092 11838
9048 4816
10372 4689
6152 15474
9508 15468
1524 11646
14688 4810
17520 2930
16740 7008
4308 15126
13652 8368
12336 2548
14536 3070
7604 12788
7916 16032
19228 1057
5960 12952
3604 184
3832 18804
17804 2559
2660 13748
4988 4914
3784 17626
10524 6693
14432 2630
18492 8478
18556 6423
644 5348
7528 14714
12996 1374
5136 12170
576 17252
10752 8920
9396 19018
11076 3775
5596 19954
7860 17826
384 8722
13304 9997
16228 3733
14072 2947
12232 9466
12584 6110
12952 4994
14320 5051
8728 9274
5144 15202
1228 16266
1676 1656
14140 2654
11520 1755
1612 328
580 17204
3064 11560
2068 7436
4060 4864
2944 2692
12604 5257
12548 5029
3744 7180
5944 14898
2968 6068
2084 6784
6076 15924
6436 10468
19056 4079
1548 6770
6408 17456
18108 2025
12212 3415
17108 4074
11092 7163
15112 3279
17484 8018
11080 7602
13840 8268
17260 5729
744 5474
1192 14576
11552 294
17780 5085
9252 698
7576 4734
18508 1310
7428 5624
11776 3138
16624 2953
18376 8325
1876 11566
14244 5569
13452 9976
15464 2364
2556 8656
10620 6872
16716 1463
1700 1396
8412 9978
10732 2780
18980 2235
2764 252
18380 76
17808 2884
19732 6484
4276 8700
2468 16252
8820 7866
5684 6036
16128 1655
18328 97
12712 1512
5516 3700
12764 6212
4588 1600
13400 8835
18632 267
9580 3756
6084 17446
1000 9692
1608 6430
2276 13248
14068 3881
17948 4441
8000 7100
5892 6070
11936 7874
5180 10960
16344 7356
1048 16658
2992 8788
1504 15186
13964 3157
2176 1472
4800 11834
15988 2337
12436 487
11660 5767
8912 15766
17868 2930
4456 3396
5532 7616
14332 8957
10276 1806
18596 2223
14240 2510
1148 11754
8596 9366
16284 3460
18504 9896
2076 3546
12808 9156
4092 14972
76 15558
4320 4990
3556 13860
12796 964
9736 7836
11588 4830
15512 7687
2064 10748
6908 8766
19572 5884
2112 8236
9424 13146
6432 11172
3484 3074
5220 9800
15704 7629
10900 5611
18580 9856
17632 7499
7748 3812
8240 17488
20000 9980
7720 19684
4312 16558
18080 4313
4808 5136
11928 3967
4984 9094
5116 14486
8528 10042
7500 18470
10532 9442
15460 1141
16408 3657
7920 1476
19088 3060
8976 8410
8880 250
3764 9678
12248 9082
18544 6609
11844 2720
8448 5242
5600 5604
2596 9944
10060 3842
17848 316
5904 13020
7272 5942
4336 3746
16004 1011
4948 11064
16948 6886
7680 12494
13524 8700
32 4350
17352 511
9020 5670
3076 6876
6412 16414
8296 9712
14772 5028
7768 8414
6016 15590
2184 8522
3848 2866
10676 1478
3780 2178
3588 12902
320 15274
8172 16398
3176 7322
17336 1771
184 7216
6028 16050
660 9390
8692 4324
15000 9594
18616 9762
16952 1193
17408 500
8328 16790
8168 19316
10048 2398
18028 6422
18252 9349
13536 5437
8032 5266
9336 2796
232 8822
15244 2432
15040 7248
1820 6822
5760 12874
19044 2407
2396 19338
10068 7766
4280 5018
9256 1334
3292 8738
18732 941
5400 120
9072 11566
7756 12184
12024 9479
11488 338
16036 1198
16020 1832
9548 11184
8956 18820
3688 18438
15796 5119
11600 9117
12328 881
6692 11168
10480 8923
12408 4434
15756 7080
15204 9147
720 18114
13760 5323
264 16940
12188 4481
1428 9644
19796 9807
2260 6860
1772 10464
1152 8828
11524 6364
15472 6838
19124 6604
19168 6458
19268 702
5504 5418
6080 16712
5712 2504
4700 576
8532 3690
6888 4806
7280 2176
772 5726
18260 9113
13724 3081
10408 961
8052 19214
15764 7937
19408 8714
8176 12610
12016 2254
18168 686
1256 3600
4644 912
11944 4155
8324 11970
5244 18602
17552 4848
13956 6368
5336 12948
2136 7564
19452 5411
9188 3402
10120 1815
16604 8907
11940 9111
16772 4003
4820 15308
3608 10738
2080 4318
15356 967
6304 13094
17576 1082
14908 5438
13748 4594
14660 7168
16644 5563
11724 9456
10876 4998
7704 17138
6892 5262
16984 468
19080 4261
11584 9924
15260 6342
28 1994
19660 2055
16856 9586
15684 1988
17396 5679
1880 10456
8752 5482
18016 6457
17252 2719
11452 5504
11472 5595
11156 804
6588 15114
9324 5958
7048 7328
10880 1284
2228 7932
3368 18082
14472 9611
11756 9495
15716 4338
19632 334
1756 2254
19112 4718
4896 16958
15332 6700
5404 16240
7588 4764
13784 4488
14984 5985
10712 5246
16340 6077
900 9210
4540 5920
9836 8830
13544 3260
13484 7586
1012 15798
6740 18020
11988 645
6440 8900
3596 4442
17504 1939
280 14062
15904 8497
12272 5292
5848 14896
5228 19918
4344 14592
6300 5240
13420 6076
18764 1703
18568 8345
4016 718
6200 9758
10108 2950
10468 6179
6452 14786
17756 3340
15220 545
9308 11452
1280 6806
8580 16992
19188 8810
1364 9664
4940 8204
10384 5792
12668 6155
15252 2122
4300 14608
4304 16322
15072 9045
8972 4698
19620 179
6964 1814
13664 6498
7508 13664
3172 14758
5876 11696
5652 11842
6488 19294
764 15980
11460 3843
1920 16372
11480 8977
15576 6398
9536 514
408 10264
15016 3039
17496 1170
404 10522
15108 8216
872 3996
18464 4610
9496 19560
13596 9776
19928 3671
3692 4282
8684 10882
13960 7457
7136 16656
12652 9769
16360 2097
15504 8696
4400 3044
4352 9024
9140 12644
1748 2344
488 12740
5632 7904
16728 3899
5924 9138
10544 105
11684 5055
15060 2712
13124 5659
5044 13034
3400 19484
14596 5792
12644 773
12044 1535
15184 1647
10648 2505
10288 6379
7352 10476
16800 797
12068 6370
14564 4768
13168 2298
8680 15026
804 1304
14776 6774
12768 3112
12912 4651
8672 9230
15404 8954
18984 5064
16476 4311
4784 1152
3652 716
17000 1940
15700 8923
9812 11636
2572 1330
13408 6905
16224 1919
7100 3554
11340 9816
13656 9692
6760 15008
17392 9754
9616 13948
7052 14144
7096 7056
18564 1186
19464 1001
11948 3208
10204 3036
16560 1315
16268 4593
11036 5044
2272 16760
18676 523
16796 3625
4236 12968
6956 13220
9168 19278
4036 12958
15908 1870
5120 16746
400 5442
4720 14610
14848 401
3228 5530
9340 3388
10436 44
4256 998
14952 3644
1216 4070
6560 12840
6576 16394
5656 7034
10064 1588
12524 143
15292 2696
18468 6097
12632 9586
15412 8679
8152 12000
13780 1045
1360 1004
984 15162
13000 8960
15148 2223
15532 5732
11288 6914
9888 9044
14752 9203
19244 3208
13928 5954
2524 13960
18852 6670
16940 4968
15720 1055
9656 12898
9392 11850
1212 8834
9512 13858
16724 7161
14768 6913
776 9704
3020 11956
9880 10614
16024 9902
10948 8149
9364 3222
8204 14980
12488 9616
11432 2824
2340 11962
16188 1697
9404 732
448 16534
3476 10674
4072 13346
504 12980
17644 4017
15400 6776
9312 11874
11168 6460
780 8458
3580 8840
1556 10350
1976 18628
4892 17530
6708 3068
19848 3661
3208 4960
8780 4010
3920 12264
19940 7736
16356 4157
3472 18388
3180 6042
11544 8253
14576 7342
7820 600
6728 15346
224 1476
13392 9860
11412 9716
7632 5772
13992 2330
14524 2623
1308 8048
19560 8033
12804 1566
16244 5432
11836 9863
11804 469
18636 8261
120 19452
6856 17862
18264 6569
8292 9418
7256 13814
14144 7487
18432 2521
17040 3818
13084 3735
14956 5305
2560 5260
6364 9090
19340 5056
11496 8808
14200 6942
18648 2133
2540 5154
19456 3428
9460 16656
11616 6459
5544 16300
18472 8829
3696 15704
8016 6778
7248 16890
19788 373
11072 3226
9772 9276
13468 7732
5352 4910
6468 17312
7824 7694
9008 12926
7688 15940
3748 11392
10248 9315
10852 5996
5708 192
14476 798
11908 7514
13848 8827
9860 14672
11620 2437
11680 86
15640 3005
8268 13496
17152 4519
2036 15386
2812 10778
13764 4757
8620 7908
19804 3391
18584 7168
5784 19316
64 18328
5088 19588
12612 6158
1344 6444
3552 4144
3820 14940
17640 5529
1928 11544
12892 4651
7496 9492
8104 13568
15892 3613
10484 2729
2292 12330
3056 17096
2168 12488
16540 3393
18692 7651
9488 7090
5824 16688
2312 6308
8436 12884
14980 5423
14944 6282
12624 5936
4180 6598
16920 728
18572 8655
15772 5544
4692 7170
308 1266
13788 9506
18312 6630
1484 8032
272 10058
13920 2613
932 7720
9176 15630
1660 2312
7300 10110
8764 2714
6720 16600
12544 6413
19956 2381
19412 9539
9276 4968
15596 8265
10520 7583
8656 4920
18884 8557
10112 6239
1752 4374
16440 5970
18056 5973
18972 9718
15828 8244
8408 968
15588 8490
516 19740
17920 9950
9412 18098
13388 2831
18012 1554
7140 16824
3956 4606
17024 7246
19892 7164
8500 11702
11040 8775
2916 1410
13904 5788
12432 154
18280 2387
11612 6697
18444 6270
5752 12168
8792 12688
3844 10910
12352 4144
14460 1102
18592 6429
8576 2786
17592 2801
1720 1746
14160 3506
2380 3228
15960 8022
14740 2896
2316 5946
4732 10860
17284 4947
3676 2242
2880 2660
18172 8522
11404 3655
18612 1593
1892 17744
4088 19638
14108 226
948 8098
14948 7205
540 16650
236 10192
336 18614
7184 7122
13672 3579
10476 7281
18368 2878
15516 1453
1624 1842
10176 7551
344 5632
14464 9803
2248 16270
17044 2188
964 15160
15860 2914
14264 8114
3804 8536
4112 13422
5500 7556
19908 5294
15980 1263
7984 17816
17448 1474
16076 2468
8992 5608
14288 8414
3544 19324
17436 5877
7568 6432
8440 11486
2564 1888
7388 2666
15488 867
12204 9321
18644 4440
12168 4618
12828 545
3308 8648
5792 9406
19992 2260
13492 3932
15760 9359
9472 1696
19036 8845
18036 4093
5828 14590
19292 5666
8136 16816
8004 19720
11860 8922
6360 8470
760 17824
16372 4650
4596 17656
10220 9607
16260 3928
4844 580
17068 3862
18196 2413
268 6914
180 9592
16352 5511
16600 3025
11464 2889
6224 13634
14020 5887
2956 2618
7296 15704
10320 8806
16548 2185
16780 2977
10856 3452
9332 2144
15140 6827
15916 8195
14936 9958
2528 17726
16592 3820
3268 19348
3456 9758
11428 9048
9632 15126
15812 5272
5328 8616
13624 9987
18088 8510
10964 4575
8336 2840
13064 7046
4976 8980
5644 4220
7616 442
5572 8034
2928 14226
13988 4477
10668 1894
17716 9798
11016 7412
4240 11636
9544 416
9752 3690
15776 1211
3256 15886
896 8528
14784 3204
13820 4110
19316 2719
6768 1166
13200 5091
13932 5985
17256 7658
388 6946
9292 14148
13680 1819
2420 8428
7488 2332
2364 17170
13308 7447
19920 8673
7552 9398
12420 2362
9872 19876
3768 7472
10076 253
10536 5979
3872 15146
2004 19024
3560 14828
4436 6414
11672 5286
72 7988
9776 6434
5480 1538
3480 12156
19208 194
8824 7610
1128 17450
7080 5666
4632 16498
6020 18322
12772 3945
19284 3727
9104 18352
2308 9616
19652 8288
13796 4750
14396 6430
12144 2835
9112 14674
15388 9254
7468 16418
5420 17524
8664 10620
17996 8323
2152 10974
18896 3649
7104 17782
5564 8294
13576 9441
15020 974
12788 4315
15396 8504
14400 8518
16908 1255
4392 7546
1900 3498
5100 670
15500 9305
68 3188
18892 2494
8144 12180
212 13444
8944 5012
11064 5656
5140 17770
4424 10492
17844 2813
6156 200
6940 18512
6832 7284
13688 3968
17664 6479
5616 8424
17240 2351
7880 7262
8304 17098
17700 757
9344 15672
18340 5756
15144 3033
6096 11918
10764 1439
16840 7733
11276 1232
9820 6470
15508 9841
3300 2238
12636 9711
2284 17436
13684 8522
12288 5465
12424 8724
15352 291
3156 16482
19308 5917
6284 14236
1832 2244
5164 16358
6396 186
12228 8294
1740 11102
13096 3690
7716 17692
5860 9480
4056 3618
11580 3077
116 14102
12196 816
4416 11276
18916 5136
9848 12788
992 18602
1860 18074
17080 6683
6644 19964
4616 4984
10776 6065
10508 9157
16712 3445
6172 974
5928 10154
288 18736
19376 2321
7200 3732
16364 4284
14248 1965
5216 11124
9024 6022
6256 16862
19100 5929
6636 19490
352 4076
7792 15774
6504 19214
8480 12454
11312 4326
13880 8730
80 7616
6896 814
6532 8388
9708 8032
12376 4097
3940 4846
9456 4006
2744 13810
13864 6800
14976 2853
11212 7031
11744 9637
2768 8746
5012 9610
6464 5834
18672 21
10268 5568
8844 450
17372 1891
15948 829
19828 1721
18836 8816
16256 7548
11596 9202
18608 5759
6624 11440
18132 1675
10388 3869
4364 14436
12864 1434
3536 12294
10184 8439
13812 410
13900 3978
2496 11490
13116 2034
9636 18116
16396 3115
8220 9874
10432 2257
16632 5334
15584 5373
888 18308
19988 3252
40 10352
13160 6693
4412 4228
19880 1919
17216 7510
14052 6808
13108 7479
17688 8880
10548 9199
2288 2572
7556 4362
15568 3512
18180 8566
8388 11872
348 14464
4384 8532
3796 3770
18880 2230
13080 3922
7868 3164
5716 11754
8332 16986
892 11498
9556 14930
19328 4898
4760 2484
5212 12226
15384 6992
17004 6699
3212 18452
14780 1931
972 19870
6264 5636
12412 5069
11876 4540
12000 7031
16508 6228
18800 1740
2092 2376
9012 8168
584 16598
15036 7101
4100 8544
3316 12458
17748 918
7132 16074
16280 604
14296 27
19028 9113
16928 3002
8524 5050
11144 2320
18752 5258
12104 3046
6328 6768
12116 6381
2860 13290
3416 18912
16804 345
5804 15104
16612 2607
10300 1987
15268 2665
14924 4294
12308 5655
2752 17852
5808 16096
6984 19264
4836 236
19392 6664
4188 13830
8420 4458
5064 11530
13320 6773
8484 10306
3900 9136
4172 1032
2736 15798
7000 17786
17428 1096
10256 5964
10244 5095
5540 1890
296 8736
6916 12540
1352 3606
18360 8142
17020 882
2796 12762
14312 3957
7040 17324
13340 1649
1628 7066
748 18046
10080 7483
9624 16186
18812 770
6972 1646
11356 7135
4116 15328
2204 14732
4216 14164
18864 4035
8872 13352
1804 10708
15528 34
14832 2389
11160 8622
12904 2603
14084 1700
8828 16042
16276 8177
5380 7332
840 16360
15200 2530
8724 5988
16040 5960
14136 1625
2836 15504
3132 3348
18364 9896
16032 2191
8564 15260
13100 1984
836 4096
9660 11688
3968 8834
1696 16040
11292 3280
20 16786
18048 2770
13896 1461
9208 17516
2864 7238
6628 11116
13260 2987
13772 5072
4956 10292
17820 3224
3856 8042
19164 3864
4472 16860
6160 2782
13832 6428
17208 8426
4008 562
1172 19582
18332 445
2520 13584
5060 6564
2568 13894
5040 10008
15296 1400
7724 880
10512 3189
4028 19708
4728 100
4884 18034
10968 8123
9592 8748
10336 5526
15124 9497
16640 3258
10884 3318
7480 16262
2376 4722
5908 16352
5524 19982
16192 5612
19324 9137
13164 3160
13176 2964
8552 19164
13092 409
10412 7358
5748 16636
19872 628
5756 19832
1944 12330
1448 4072
18440 1989
6804 19142
16216 8946
18476 3978
16524 308
17816 5791
4484 9164
18700 4254
1812 11586
10800 6629
10012 4120
10488 1677
16052 2249
5200 4002
17200 9398
15556 5681
3468 9422
1168 19250
7420 4830
9500 2756
11632 1773
9280 486
10740 2104
18296 4768
10836 7011
2236 5320
18796 1727
5344 13976
10392 8684
7400 4946
2580 15760
10708 4995
7940 14574
7836 5152
3460 7128
7584 1238
4496 18472
1340 15290
14892 2453
15936 1516
5768 3440
14380 9037
18448 3680
16388 3462
14940 7413
3868 3810
19092 9520
2932 18866
4544 6120
2436 14234
5412 8098
15984 2408
7060 9628
2588 12716
244 4284
14972 329
7492 9076
9856 272
3104 5838
19776 6368
12540 3529
12528 2040
15360 8905
17628 1679
3384 18044
2348 6318
10400 9581
5128 2692
3884 16072
10792 4964
10228 5408
19952 4332
11900 3855
17128 8157
9260 2350
15672 2042
14800 807
6072 9818
19904 4441
15100 1572
5052 7948
16464 123
10144 4433
10072 90
11608 5074
17172 8869
11008 2608
17588 2454
2148 6500
2908 17844
5868 932
10928 1947
7600 1706
15644 216
16288 6235
18528 7604
18308 7529
7024 7782
13236 5074
12468 9641
18660 7663
7148 11500
13696 1338
10784 7961
12480 4883
3420 3568
18024 9209
2824 11502
16732 8438
5996 13868
11736 4179
11952 8136
5348 8530
9068 14086
500 9054
13744 4295
15392 3602
14164 2063
19492 5561
15928 1726
248 4414
18092 7162
5856 14132
11792 9168
7540 10048
6336 12714
10656 7712
1292 16824
18668 4952
10084 3674
16184 9123
13032 6482
4232 5806
9828 14332
13460 3456
17760 2777
13040 952
16784 8948
18224 1435
17196 7938
9612 12352
108 12034
4912 9718
17472 9253
7700 4392
60 4640
8184 14854
10804 266
18996 3911
4084 15976
15788 8973
10796 2922
13508 4128
472 5948
15868 9885
3136 18360
6204 10566
13248 8714
10868 670
18404 6931
10056 7246
16176 4354
8740 6574
10568 4491
19024 8786
4716 17842
4668 6480
6272 15436
13456 1351
18184 3758
3680 17462
1496 4682
16584 3630
6980 3358
13128 5175
16912 2507
11028 4338
14604 323
8196 6908
6044 17106
14788 1250
7780 18824
13136 9761
4704 3908
8700 104
16588 7626
1244 19024
4968 9114
4224 18264
2508 17094
9452 13756
11868 2767
8444 3996
4992 15714
16232 5518
8584 15892
14196 28
11476 4006
7344 7918
1392 6152
19800 3420
7892 14040
16944 5258
7652 5058
17904 7100
17076 3257
2196 9320
1728 4992
2052 996
13884 3155
9136 8272
5204 1316
5096 16522
15856 9390
2808 4164
17744 4880
4920 282
17764 5755
14388 2240
10224 7015
324 948
14348 7273
18988 2969
19772 413
12988 5187
6716 7648
13756 2710
12072 8857
3752 1678
9668 17056
12160 4240
11380 6228
13268 5626
8508 14742
11980 6902
7224 18376
4368 17124
19224 272
7340 19224
11344 3980
2576 9818
12748 1288
3040 17714
5084 12902
19076 6740
12724 1213
17280 8778
13800 302
8560 8044
13052 5371
6748 1248
9704 11920
18420 9647
9952 14434
2696 19094
1996 5836
8608 14808
4556 9986
10556 9123
1632 9634
13944 4937
15896 3139
7308 3198
4520 7690
1912 17840
3124 5180
16828 5052
4140 4334
2656 5662
452 10716
4220 4438
9152 9132
10124 3759
19144 1913
5796 3340
14996 6856
15424 4123
5948 9494
5124 16250
15932 5638
12124 8182
18124 4433
12640 7277
5272 3834
13996 9865
18192 2120
8860 480
140 7822
5388 11128
2372 3614
14232 3670
10580 3782
2332 5492
17668 4162
10092 7827
8588 14028
10596 8572
9360 11410
12224 2083
1324 14722
18512 1362
19640 919
19684 6724
1416 6842
15248 6077
176 6378
8072 5884
17276 9230
2804 18146
4568 2964
7888 3594
18628 306
16432 7511
5740 968
1680 13654
12776 3375
14912 5414
7760 14786
5720 9358
2324 11656
5484 9484
16836 8020
17432 4782
5704 16246
3248 3146
1456 8708
9824 6600
9080 10304
7460 13612
12820 3525
3436 15842
4468 9252
13888 3986
8128 7282
12992 9225
15652 5689
17992 4014
19768 6645
512 12766
5332 2010
14608 6371
1672 12878
7028 13150
4848 10460
18576 8277
7228 5460
19696 2295
1064 16748
17112 5825
6732 3110
10328 89
12784 9078
1580 17000
11256 44
13192 2532
1400 18880
7972 4136
10588 2937
3728 5696
9284 5298
19468 3103
6688 13940
14500 4867
1764 1644
112 2604
7628 15838
2400 2228
13632 8844
4856 2772
10888 5394
8868 4766
6012 13626
7044 6604
16628 8317
16068 7811
17960 6715
3404 18082
19276 6852
7948 398
14720 713
5780 19164
16852 973
7736 6550
11840 4211
10700 7943
13436 8245
1068 8624
7964 19264
9588 6764
6428 1098
17292 3294
604 6110
9492 15550
19612 5636
2432 13886
3188 16154
9044 18438
10640 5704
16012 1752
7804 3902
5864 366
18232 1167
12848 5036
15632 5680
13232 9336
4380 9596
16696 4082
17840 8955
7656 4896
8904 208
12076 5699
9380 3574
16008 8221
7068 7922
7376 14178
10020 6103
196 19178
12620 7796
13608 8043
2120 2286
732 13476
17356 8709
12780 9418
18888 7626
6040 8658
13540 8789
17916 4767
420 7356
10304 6159
12560 9706
19552 7842
10196 4713
19980 4148
12200 7799
14868 1529
8756 9312
2788 3386
7436 17910
17860 1925
6684 9846
10088 5154
19944 2737
4152 19178
6668 17594
7356 18686
19780 515
5196 8270
12700 3670
18912 4805
988 16338
104 10104
7396 14210
14520 1175
16504 6242
9628 9226
17420 32
6484 2880
4904 13454
4688 1974
11272 9666
12956 9974
460 436
8816 4782
8 13100
8316 7472
2988 8728
13228 6866
10044 686
13564 6345
7696 6376
16308 6442
16296 9762
19712 7279
11528 5289
1112 42
15820 5118
11192 7764
5776 4376
12688 6425
15968 8407
19816 3306
15880 8156
11084 6143
8624 6788
3860 18118
3644 12316
6664 6736
3328 3064
2444 5178
4736 13218
11416 8997
11236 3059
6316 17536
928 5290
16820 1020
4448 1548
12400 6364
18208 17
1664 10150
18992 9099
6460 15480
17772 2652
2428 18628
8892 18544
6376 9816
1284 16410
1424 10836
6000 14308
17340 6704
2116 886
10232 3212
11140 5694
9444 10496
10472 5905
2300 7720
15080 7669
11748 1044
4804 18832
15824 6455
18304 4919
5256 282
10808 345
18064 9518
15448 9158
14120 4804
3264 14090
6604 2672
3216 11742
12900 8163
2360 9696
19096 4621
9528 3050
1824 7706
17964 7834
19740 6787
11004 4373
7324 6792
18352 1911
7664 3634
10780 292
1588 4520
17512 3475
3960 11116
11984 3203
14152 6232
18144 386
5696 2170
10912 8256
17380 9788
7536 15010
14512 8999
12088 1358
15996 8023
4128 8036
5764 11656
12660 7111
11424 3425
5292 2546
2940 752
752 5716
12256 9375
2388 9454
11316 474
9204 8830
12516 2095
4200 2012
7596 16456
12084 6567
5680 4770
6344 9798
12500 8303
7924 17724
10016 9162
7484 8682
10636 865
6772 2522
16512 8809
10644 862
3600 8720
7124 1858
2720 7546
8452 11144
12324 9059
17048 9688
15852 1881
12924 5641
2500 11978
18908 1119
13476 9664
18248 8121
5492 8966
19636 1384
13364 602
1480 7958
14584 7386
15972 1384
3616 5734
14304 3890
15768 7605
7392 15436
13380 6924
4272 12678
12360 8974
6676 18776
2984 3430
228 18924
6052 12196
18072 3866
2624 11012
4936 2728
11700 2545
9268 19860
19140 3529
13336 2926
1208 10168
8192 15084
10340 949
9996 11306
9788 15306
14040 4684
19576 85
15624 9735
14824 170
12472 4272
12816 3334
9576 11010
9700 7342
11116 3897
10152 7503
11444 632
14184 5299
17308 5652
8036 18822
14516 2823
15844 822
11972 8255
9640 6054
4168 9370
13056 1775
7432 3382
7144 18902
6552 11194
1376 12632
17736 8090
2164 12916
19536 7683
9940 13796
3500 2492
5416 7686
19764 3703
11976 7721
2648 6634
10932 1601
16144 1109
14728 9753
16736 174
12300 8560
9912 1734
17072 8236
10128 1443
17364 6141
11500 3643
10832 5253
7156 9022
15920 5818
1124 9056
19856 9131
17304 3556
10132 4361
14004 2091
17064 4931
12856 4863
10980 6304
19972 5625
1300 2046
2748 706
11068 4333
13712 1851
17092 2210
12428 725
18496 6036
16844 5085
13692 5024
9316 7864
15128 8209
4160 7106
8852 8780
16416 8069
17876 8168
6480 8708
6220 18690
8536 18748
5268 6070
12868 1003
672 3856
14256 5067
10264 3594
9944 12400
19252 4502
19524 4362
11780 9161
340 11514
1816 10794
5872 10242
884 3404
7564 8662
8224 10882
18552 5841
16528 8996
5676 1726
5880 9604
8088 10900
14760 6447
13836 8542
3908 9786
10892 1752
12148 2113
17452 1774
15312 7815
9868 3890
4260 1358
4048 10700
19504 5002
17344 9509
19668 4850
6312 4574
9376 11886
9928 9380
9448 5192
8688 12708
11368 5415
14808 7739
5184 9534
14392 9470
11516 9787
9416 7096
11848 9459
19716 6784
4408 10798
3084 3796
5988 15800
17248 278
15176 280
9832 16898
6784 15802
2708 14602
2268 4014
18548 247
14668 435
7116 19914
13412 1910
14484 6316
1476 19606
15744 5735
536 3990
19500 1910
1240 9878
1312 9708
18188 4824
17788 7666
8940 4058
19156 2119
10688 2915
6324 7604
4244 610
1592 17264
1992 16874
924 15394
10820 5269
11468 9246
5900 14034
556 3202
668 7042
16808 3839
11324 8649
2536 16938
15912 6515
6032 12950
9172 3728
19272 7641
16860 4256
17508 3898
19508 6448
10236 4968
2172 18596
19512 2771
8928 1134
8352 7422
9724 13526
2492 15936
1968 14094
15888 4223
15336 9154
19860 3455
9876 3302
11572 5939
8308 7058
15120 5536
13704 7465
10940 6824
7636 4000
532 15032
9000 13554
52 9042
19876 7580
11260 7591
11712 9124
15484 8225
9352 19428
11032 2186
16456 9975
2844 5306
2008 7614
19840 2148
372 8082
9728 11614
8600 2624
12936 2224
3108 1202
16576 5189
6400 1526
14544 5399
8848 16836
3440 15638
6912 17696
220 12592
14000 3092
8540 16450
3992 17700
8120 8644
1776 11158
15656 8757
3716 18188
19932 8498
10284 4737
1600 6992
16100 3602
5132 10278
12484 6453
17832 9044
828 10260
9272 11352
8668 7210
12664 9629
9200 19096
5048 8418
18240 518
18520 4066
18772 9701
4096 9670
5592 9062
14080 6828
11052 1693
8808 2512
19240 6464
15440 104
4124 10472
2784 17284
12836 1612
12140 7579
19372 3145
17900 3926
8164 4270
6800 10772
15032 2210
768 368
10660 2028
16484 7738
5152 19746
13196 6617
8140 6908
10024 1965
6764 13192
6216 12996
8108 4346
14172 6096
13520 7064
8616 19216
14840 5805
3532 8466
11604 3727
3540 13480
10192 3419
14560 958
18128 6954
13620 8826
4792 8104
10600 6668
2724 15352
18408 8012
17332 8067
8040 16290
16896 3250
14420 3666
376 14672
11636 7005
16924 9880
17376 3500
12380 2814
7404 1632
12008 6813
17324 9643
14340 8313
4144 4384
10496 4991
8836 11420
13204 4457
6712 4300
6288 10678
13188 5358
9108 11786
19624 1459
1336 3572
11172 9661
2672 15944
2840 8284
14652 6524
18040 6371
13480 7481
9712 16950
14640 7286
14088 1870
13444 3019
15328 5760
11240 6974
14828 7714
16300 6387
16684 1039
17212 4636
7364 3098
14488 5411
9148 19298
9584 5888
14188 2131
14204 1791
13276 727
10724 4609
8864 16894
12416 4195
9664 1550
1844 8892
5028 18598
3876 794
364 9524
1712 11084
8732 136
628 12116
1544 1620
3336 1608
14468 6040
2144 1456
10672 7280
18216 9304
11924 1132
10972 5744
18876 1745
18716 7231
8840 12106
436 16876
7952 14740
6932 13372
6352 18410
5032 4184
11296 4865
2216 3410
3128 16342
8832 11402
13636 5520
204 16018
6596 19144
1940 18654
12708 1746
15680 8105
17908 6782
13144 8367
13024 3110
19420 3403
10180 483
17864 557
15728 4337
10272 6729
11124 1858
15004 6477
18004 4694
7764 5582
12136 7860
9004 822
18560 5508
13804 746
12276 1832
10744 5621
648 1550
9924 19208
9348 4020
14932 9142
2512 8650
2888 1140
1688 1182
11376 5019
7776 12270
6516 9776
5936 1396
17596 5985
16400 8037
7732 18574
2208 14124
592 19934
3548 2526
19332 9546
11648 207
16704 5557
15164 5392
1652 17124
11308 7635
6568 17558
1948 19396
16444 6253
11108 9289
5024 1654
4000 6544
2628 13470
13496 3140
3304 1410
8456 1746
16420 7111
1044 10266
9296 17306
7772 3938
12384 9857
15188 9539
12452 9286
13312 156
3244 8148
17968 9332
15116 9793
9244 13718
8188 2222
7864 15920
16204 4516
9436 8036
19628 4566
13984 5474
15696 2335
14532 7886
7928 7258
11768 1414
5160 13698
8968 12846
16236 2813
7672 17852
9476 3940
18336 8816
13616 1825
8368 12218
12596 2238
16988 1918
5468 7390
9800 18256
1224 594
2792 19192
2484 19784
12120 9907
6048 17434
2472 3586
14064 2621
11320 5060
17620 3794
17604 2496
10096 7606
9932 7128
3672 13956
15236 8834
17468 3428
16492 2309
8364 13354
19820 1017
960 13216
412 4396
6236 18764
8716 4690
7572 15362
15076 8529
13736 7832
2676 19868
18008 8435
1508 1932
96 2338
18324 5868
8468 16494
14444 2981
11884 8579
14724 6615
9016 13092
12832 1793
6448 760
9648 2976
3980 12162
1872 1902
10168 1268
3276 2244
200 14604
14292 4152
13036 6788
16168 8973
12464 4460
596 10116
9304 876
11148 2962
3376 18332
4 4217
12508 8314
13216 7423
12220 3955
16932 9778
4004 12414
5744 19648
17952 4758
8044 3544
128 13168
5444 16654
424 7810
16460 2911
6640 10622
10592 8112
16304 7802
19180 6800
5812 7612
14700 6187
1528 3822
3732 120
5168 338
3312 2816
15136 1833
4868 2152
480 10898
4348 16280
10988 3696
10632 2802
876 12232
11656 3922
852 12414
1828 11592
9228 1384
3736 2414
19724 6943
13244 3728
6672 9538
428 6166
9572 13060
2072 17114
3028 12420
7012 5634
6868 9038
3140 4096
13852 474
17464 7389
13648 5147
12812 8937
8084 4658
4796 2458
820 2200
2868 18794
148 19734
3344 1826
10624 2590
13088 5833
10172 2402
16148 8279
16568 7717
1564 11326
5408 15838
7380 17646
11136 9678
6904 13228
13372 479
13660 4984
19460 3211
13548 7690
4640 13156
12092 897
7904 6502
17176 6345
14176 3602
2716 15672
18712 6335
712 4732
16916 7287
14528 5611
9032 17730
12252 8714
18032 8065
5440 7188
2040 13360
4372 15052
14744 2533
15344 4087
1080 1774
17424 4133
17564 3373
1032 1916
6388 11398
1464 12224
16060 1438
14456 5191
2896 17470
996 11230
1016 15986
16436 4438
11808 401
17492 2794
612 4430
13332 555
14888 7438
14220 2152
4480 8716
4944 6052
36 5812
11060 8038
8396 4768
8020 15698
5108 1708
18228 3325
18456 5708
19728 6487
2132 12080
17892 8479
16072 1340
4972 7476
2160 14008
4604 14066
3984 3448
11896 5525
10608 5405
4600 7646
14124 3742
4576 3940
12348 8415
13768 2667
9432 19322
13952 3571
6144 19530
4852 10260
7808 11610
8888 1644
6828 17268
796 1544
11436 9740
17648 1510
9320 17968
3760 5000
17624 2045
17856 4197
6476 2802
11728 6722
5020 15070
17104 1435
6836 9704
4316 7530
15168 7832
2668 1626
416 10816
6944 15074
4628 16536
5296 18442
4176 10056
10324 3075
4032 5416
688 17062
2244 18898
3928 3066
14480 8440
19192 7906
16616 8064
8096 18190
3024 4114
16936 4019
6208 12282
8996 336
16240 3933
12580 9175
5888 13014
15048 718
520 18680
15536 8210
18968 3060
17460 5984
5308 318
17016 4803
15044 2971
17556 6674
14324 1095
8252 8248
9900 12328
4024 3352
18804 6547
5284 19296
7456 96
15976 8032
13500 7161
14036 1615
5800 4988
6276 16300
6244 13064
19296 4021
5588 3544
6140 9050
6188 16232
16112 4493
11448 8566
14820 9802
17692 9333
5232 12388
24 3368
3012 10560
19128 6324
6860 2408
13284 3748
5488 1164
6564 18676
9240 19368
18844 8820
14708 745
12716 94
14856 7413
6616 9808
17568 5614
18808 9324
17088 1587
3424 11424
9680 18654
664 18524
12216 145
8708 6762
8980 16696
17932 521
4908 2950
11196 6366
7416 18528
8568 8252
16708 2554
1008 8328
2552 10950
15192 3852
10540 8839
7196 12562
1512 11544
7476 4346
16116 6051
5264 15646
13028 9879
260 2984
5940 3414
3068 12540
8768 928
9692 12174
19868 6168
1136 17420
11456 9358
12040 6389
13140 571
1356 5922
8988 2816
1784 4906
14556 8762
9916 18540
8612 15122
18220 8662
8952 19478
15300 6373
12388 3286
2016 14846
936 13588
13868 3612
19352 5707
5068 19966
8744 2076
11440 4894
12392 2267
252 10984
3864 11376
18976 4718
16056 3576
5984 16258
4712 5204
15560 4536
5648 1584
10360 6314
14008 7877
16824 2767
10612 8141
15724 203
4512 13644
16660 6685
15068 5643
6260 14398
10004 8869
1116 8210
2776 4560
9716 3978
3116 15214
13184 6547
9748 13034
17028 6989
14360 6530
17516 8039
8504 6844
10216 8288
19104 2720
3824 15686
13936 3427
14496 1080
19736 2966
10188 7854
6988 16872
10028 5472
2296 6936
19484 7737
15612 8235
18964 5679
2680 788
18756 8004
12100 1539
16900 5758
7268 19118
4204 10750
4880 15128
13300 7452
9720 14720
15208 3699
6724 12336
1956 18158
632 7298
18104 9822
5724 12534
4564 13380
18828 536
4612 4418
14216 8132
17300 5078
7844 9194
15840 2975
16108 7290
8080 3662
18412 2651
56 9994
4012 5960
14552 6771
17544 8813
3356 9170
11224 761
10364 265
7384 7708
11408 8197
3088 15472
1440 4626
2424 12906
14580 6454
7316 8470
2088 4392
13976 3943
8920 11764
356 18366
7608 10268
5280 6456
15688 5266
14880 3905
17792 6971
3976 15856
13288 2943
5980 13716
10348 7123
2620 10946
14756 2284
14044 6211
12896 3947
17480 3917
12012 7664
18120 7564
13876 3963
18112 1065
11560 150
9780 11362
15316 1064
11824 7261
15264 8088
10032 1412
18536 6224
5080 4772
17776 8122
8200 4690
18604 4643
1736 850
6796 14928
956 13948
19488 6567
16120 7135
15480 6488
13224 3161
11856 7953
8288 6704
2632 206
10560 6261
16748 8207
14900 2225
3072 19622
17980 856
832 10718
13488 8691
18244 3179
6520 19944
284 12268
11668 6520
1328 9478
15832 3650
952 11088
1072 11476
16160 9122
6776 1852
11932 9114
18776 9573
12184 1559
1988 2922
11676 380
14804 4411
1204 9232
792 2676
1788 11460
2344 8462
9164 108
12448 4689
11176 4172
13240 8778
2996 12192
11484 9681
18276 1907
2600 15856
14384 6719
11772 508
3080 5192
16892 3299
12684 4366
18900 4598
3988 18490
10736 2680
11536 9405
9052 15560
16392 8263
12692 5979
7832 2158
17348 2472
19344 7578
13416 7859
16960 8578
19656 1430
4516 1958
18484 3619
14872 8234
16668 9868
464 1028
4652 15866
12916 8137
14284 1550
976 3592
4064 2862
17884 3868
7112 1660
1572 6814
14592 3852
8272 5582
1532 9410
11564 5652
396 6002
15940 9687
14844 2106
3192 12792
19120 2280
4184 19054
6996 7742
1052 1304
17052 6956
3708 11496
3060 5232
8884 7254
11056 9079
19236 1642
12920 4846
1100 3158
10008 7460
6192 58
8248 11410
10692 5837
8232 6940
5240 12332
15524 8075
12020 3912
13752 2732
700 8266
19976 4815
8460 5030
14180 4180
2772 6434
16124 4148
7856 9232
2452 11906
8604 12260
6580 11028
14624 164
6132 17740
10628 3659
9596 19768
3624 7504
1176 7736
17476 6500
11964 5779
18540 9111
13676 5459
12172 335
2028 3810
8348 15580
19596 6797
3380 10886
9084 15886
13816 8166
18436 2846
16720 6366
5912 8642
17796 3708
6496 8216
17928 190
10996 6780
1576 5062
11152 8532
6148 14412
8012 19286
4388 2204
1420 8332
3280 17202
10492 7226
15028 761
18084 690
12296 1308
19432 6788
4780 3208
4460 13092
4196 19988
4068 7064
11788 7192
5976 14416
3112 9132
4052 9296
16472 5306
6952 13094
7504 4868
10100 7128
5968 3044
4660 14638
2448 1312
19220 1271
5512 18400
11044 9071
16848 6035
680 16474
3904 3688
8380 19282
11696 4204
14712 5610
9356 14430
5520 2876
19836 9617
15372 7715
5580 14566
4676 18430
18300 8696
9428 14792
13072 3612
9440 14204
18780 2442
2384 16678
18148 4568
11388 2080
16884 2863
1444 14002
19916 4673
12372 896
10896 2693
4340 5340
5192 732
4156 4806
18000 3723
18868 4884
14644 7064
16044 980
18396 4283
5772 17298
600 9970
18284 1081
10840 8241
10956 6886
12600 5760
3612 2930
14104 9436
13532 6484
9964 6230
5700 15024
4636 8374
13120 2521
11120 4812
19540 9835
10140 3750
2704 16536
12680 4258
8796 12658
17880 8966
3452 7386
5300 16794
8376 16996
2180 17498
9232 10642
17828 7290
9564 19302
7812 14110
616 14124
5188 1132
19444 175
17232 4630
10376 442
17956 4171
18096 6533
3432 14518
7692 6238
2476 17238
5688 1128
17580 284
5356 8834
8300 13550
16580 4812
240 18414
13360 1929
14424 4039
9180 13630
7684 4702
19060 313
4756 9494
10720 7577
11708 3807
1656 18924
800 16790
3772 7318
18236 7148
17244 6622
9984 12200
9520 1788
17236 2818
14364 1803
15864 2982
10652 5787
6792 1348
7840 5012
6544 12200
4396 2470
16680 3935
12048 9817
432 6302
3044 7592
14132 8825
1536 10938
5560 360
12696 4504
7108 1712
17984 1305
684 10438
15216 5065
17264 6522
19368 1024
3372 6798
1708 7706
16104 9002
8280 16506
5260 232
1180 18208
12704 9529
7932 10578
19196 5172
1088 4882
10404 4372
17400 3578
15228 3975
300 12168
1408 19504
4228 17830
14268 9366
12492 91
19924 8953
2108 8210
6548 14948
3684 16102
9400 14128
7008 3036
6848 11510
18488 3338
13252 6719
13148 8484
17944 1380
12948 86
160 10056
7992 18574
10160 2592
19748 7694
10280 109
7368 1008
2408 13886
3740 3522
2548 11114
6356 10706
13212 3695
12736 8788
13472 4152
18820 9483
868 7452
14864 4942
15056 6908
7220 15934
1084 8372
1140 7312
7580 4846
11364 7263
7852 2322
14568 7282
12672 1773
6808 1038
17976 623
17228 6589
18848 432
13208 9660
14836 4176
17708 8034
14816 3657
17988 7924
10000 4958
5916 6074
6864 7218
7744 5112
19472 5343
10696 7522
6112 15716
484 15830
19116 3802
1644 528
15564 5956
84 16620
6296 11404
4548 2376
256 5068
7192 10264
6116 19414
1904 11770
1684 14004
14336 9852
14812 2135
8048 17138
17608 7946
7020 5534
15272 1694
10308 174
3148 5278
17488 6560
15088 5893
18136 1527
3036 7524
7708 17492
13716 5244
9040 9756
16348 7726
19700 7726
6924 17858
17156 1603
208 8688
2200 7584
18708 5852
5072 4042
7036 11716
7728 15606
7336 10186
18924 3028
92 12668
13156 4059
8496 15690
7076 16042
1368 18648
9124 8544
18760 5830
16488 9106
1516 14056
9532 16824
18500 9078
9672 3030
5476 14588
12108 4746
15956 2403
9192 16886
16048 7289
14092 6512
12520 3760
13220 6823
1164 3998
11852 9360
10040 7712
1936 17534
18344 3624
3948 11484
15572 196
3092 16582
4500 19552
4980 7106
10772 8886
12112 475
14252 5086
19520 8192
17728 4420
10332 6842
2604 62
11640 2772
11740 6315
9524 14654
12264 1253
18624 2740
1468 11824
8960 9558
1692 2002
15952 2729
7304 6392
8696 5022
17696 1204
1604 3680
9696 6650
17360 3701
8056 19702
2584 8140
3704 7554
11904 8465
13872 148
8492 3174
8876 15044
16096 3232
14876 3136
5568 6266
11540 6988
17560 2740
16816 2651
19132 9984
1288 18326
6788 10582
11716 1440
11688 9262
7332 9594
2328 970
9484 3500
19204 7080
3756 1896
15276 9756
16880 8613
15884 13
440 15362
2952 6320
5816 4434
7448 136
19996 3562
14352 1247
3564 3204
8736 4332
6976 10008
4664 1572
6812 15432
9892 7154
19480 9575
6632 2308
1636 2296
1004 17052
12648 9702
5248 14336
7976 13932
18620 1795
19396 9828
19948 1732
4832 2814
4748 10674
2832 14480
11100 4621
6068 19378
12872 1969
15668 1964
15416 396
18076 6084
15600 5767
18204 7317
8312 13190
18640 774
15280 4077
16380 3358
1184 19838
3324 1010
3144 4686
17124 8117
5448 2478
7236 14504
4816 10594
1620 8988
12060 1690
2900 16842
11916 6097
12440 25
18940 4523
9224 1670
3232 5766
16208 6790
1984 11892
16968 8738
18664 2121
16152 8393
11992 8658
12496 4397
9092 7736
9796 234
8392 2538
11372 2978
2188 17682
14328 8146
5624 12328
5016 10416
15636 7332
12860 9568
812 15294
19108 5969
7472 10422
8776 13368
19136 1347
19068 3356
3944 14120
6660 17374
14588 8635
14904 7501
16532 2213
3912 14044
9120 16706
4268 15706
10760 7031
10952 860
18816 7886
14508 6035
5628 11418
15660 7273
7640 6464
7312 2198
16676 5265
1252 5696
7524 146
19760 846
11216 2147
1220 13870
18832 8643
13980 4341
3296 5366
16412 6537
6872 17304
13048 9823
12504 7978
14896 5184
12932 127
1780 7406
8520 7874
11228 7860
15520 1490
6612 6756
156 12872
16332 620
15172 6072
3152 14358
16384 733
5972 13524
19148 3623
19692 2700
920 11840
8488 1594
10136 6896
5148 6368
16596 1491
8024 4948
3288 8884
8788 10468
368 6042
10200 4766
5436 15654
11704 9477
5236 1888
5496 1832
9884 3082
15944 9202
9740 816
5396 9808
17924 5939
16516 7719
15604 7316
13844 2379
13668 9225
14376 9454
11132 547
18904 3296
14692 5050
15256 8521
3896 3574
14704 8102
3260 10680
17912 3863
18952 368
4740 15084
10356 3640
5092 10504
880 3868
17296 1426
2280 1852
5424 2824
1272 6534
7216 19122
12928 8275
13368 6281
4432 15586
1332 1990
13728 4402
14672 4422
6556 14794
7876 8268
13972 5115
16972 7620
16084 5597
4552 3100
17220 6807
16136 6592
4788 8914
4404 3412
5340 2756
3964 15168
2876 14282
2856 7722
8908 10826
14732 9249
6444 2576
1296 3818
17272 4640
16760 1090
10148 5002
13432 2683
17412 5044
3636 16452
18200 2476
13572 3446
9036 11434
9028 18162
8284 5438
1908 626
12368 3105
3520 13088
12576 9608
8276 8374
1760 1412
19884 7508
7072 15684
5372 19174
4136 19540
2440 8476
11304 1554
10616 1773
5612 8090
7328 15966
4684 554
496 5184
15340 1055
2368 14172
15496 696
2156 15922
12556 2516
17680 2695
10788 636
5788 66
17600 9905
14636 7038
6268 10610
3496 17648
11888 4738
1796 13498
18652 5330
19792 8531
7056 12218
3592 4342
16552 3338
6816 4788
8160 4742
10424 8892
8356 694
13604 7049
11548 8888
5156 2316
17852 2234
3800 11762
3396 12942
5736 496
6492 10520
11252 9591
6108 7356
1248 2866
316 13934
11400 4175
11624 7632
14156 4561
9184 18358
6884 18170
13324 7770
8340 700
13296 1508
13860 1386
14236 4485
11348 4768
13588 2364
6540 16378
8628 5310
14696 4146
17136 3849
17084 8764
10212 9387
16996 8350
19864 5793
3720 18584
19584 7037
2920 18264
17740 5718
16180 7183
19048 1801
13316 8787
14024 3613
14992 4668
3464 302
13592 7832
14968 4281
3576 16920
5368 13868
10920 1595
304 2374
13908 6238
6696 4462
11812 7826
12532 264
8760 4042
524 166
1384 10130
10116 483
19384 8330
10864 7957
16496 1158
4996 16686
4284 18154
18176 8839
9056 8272
13700 8594
18948 9655
6368 12820
1864 4130
4264 3616
1436 1700
7092 1954
13020 5503
9808 6706
6136 17018
2820 18464
5172 16504
11968 9447
2976 15474
17540 6207
4488 13680
4680 19348
9804 9168
14212 5703
9992 10328
13856 2004
14208 4219
136 3624
7620 14620
172 8778
1840 9224
1036 7124
7828 8028
5640 19536
6680 932
11248 838
14860 5281
736 1560
16324 47
3660 13760
1260 4644
6088 2504
19008 2235
7288 1592
16744 2871
14272 4856
15420 4918
14452 6219
19216 5505
13292 6589
1732 15248
11384 4193
4376 7524
18920 86
4952 16842
14404 2516
8704 11332
16872 5438
5316 246
6840 1056
15476 7697
11268 6257
2936 12938
17312 9212
16536 8948
15468 3910
1596 19380
5472 6154
14540 5065
19040 4163
12588 1304
13376 1713
4420 10634
12164 9189
5364 15442
13344 3262
7944 16660
3924 9900
12396 8011
784 17858
6092 12050
15092 1317
17812 3036
1856 16368
6280 404
9328 18834
8064 12986
17168 9735
12972 2420
6620 6664
16564 1814
18872 6982
11764 938
19744 2867
1452 17738
2816 7630
6512 11388
19564 5112
18736 649
1568 18090
3052 19378
15992 8872
17824 6880
7660 4328
7160 818
10992 1148
17100 8698
3880 18138
16376 1454
3572 5978
1972 17560
14032 4037
19704 5135
3332 17426
164 6862
7752 6022
1120 7352
6592 5190
3936 10100
17732 5704
9116 16486
11652 4637
824 234
12004 1805
10812 8911
12744 6638
10984 6583
15308 8992
15732 3186
2304 14126
17184 2054
13060 154
15544 9919
19032 6380
16768 2025
18588 2726
908 18132
11244 993
19812 5227
13256 9946
6128 2684
9216 13172
3168 16448
9644 10578
18840 8645
11000 7327
18788 9921
9908 7650
5288 18052
13172 4640
6308 15836
13404 9311
9504 11282
6120 10842
7232 19184
2828 19914
14572 5688
14300 7100
1472 4342
14412 3234
9968 8436
7244 19506
14016 5457
13640 6320
2692 15582
5840 3422
17712 3531
3016 5866
2636 16178
8640 4338
16888 7180
12460 1238
8652 16320
13828 1561
8712 13954
16 17736
4504 6120
8432 12028
7276 10200
2972 18972
9480 7018
4932 19410
1196 8894
14440 1640
10564 5931
3164 1164
9756 14374
5376 11928
