4708 2795
7424 44
912 5101
14192 8260
1276 5978
16832 8186
2404 8637
16200 7406
16264 9409
18272 1083
12320 4321
19400 6003
19912 6568
3816 4869
8544 3469
10844 6281
17636 6474
13924 3455
10036 3527
14408 8758
10704 2637
5224 3475
19448 2181
10748 4890
10428 1922
14012 4981
18152 7214
19832 1163
1060 7388
19388 1862
14600 3420
2224 2484
8464 3155
7452 243
10440 5402
19004 250
14492 7503
15104 3398
12608 4800
1924 9003
7168 8352
456 5972
19320 1752
1076 730
19436 7046
3504 2109
3348 8637
7784 980
3996 697
7176 3246
9936 1047
12132 9176
4164 859
2980 1405
8772 1226
16688 1197
14748 6404
15232 6377
4648 8352
2096 1587
4672 9854
168 1039
3492 5556
1412 9795
13516 6359
3204 2375
8132 4825
5548 4965
9764 2047
14048 78
10848 1816
18524 920
17660 7466
17616 4436
2192 5402
7968 9159
17500 4360
16608 7028
7464 2167
15648 6161
13740 9850
1952 4204
11336 154
9600 8603
10504 2205
6472 390
7900 4613
15428 6670
16500 4393
14620 1446
1980 6659
9816 1034
2416 1413
7516 9241
4840 6349
13004 3932
17060 1055
7980 1449
9896 1016
16220 3199
6968 9728
1316 295
3528 1366
10604 8459
15196 4167
12824 7753
13556 6088
13112 780
15304 2716
11628 7825
17584 2380
2320 5411
14028 1463
13528 4037
17164 3270
18960 1459
9088 568
704 3655
11184 4062
18392 6790
10572 578
740 9220
8028 2789
4120 4435
6528 2925
19312 3390
12192 2858
19364 4515
492 5202
360 5000
11820 7792
3008 2902
17684 7002
16140 2491
1716 205
18452 7126
16092 4652
2700 7975
2688 5221
19888 5890
9840 6791
12 6460
14168 4256
17444 4931
12968 6386
5076 3172
5360 8886
19336 8737
192 322
6252 6576
864 6048
8800 1573
15620 2645
18116 8184
15792 2112
8720 9985
916 3775
11328 8408
3632 7503
188 6078
17368 5622
15380 8564
18684 9619
8360 553
14100 3303
8592 6213
12656 1389
15456 2198
12236 5471
3668 2097
10208 133
4356 5851
5660 5383
13348 8206
564 8148
6424 7813
16812 3821
8208 7222
14112 4389
8264 6242
14128 6281
5992 3483
6008 4106
4872 1542
6648 5703
18936 768
636 7622
8476 5665
132 4530
14344 5607
1552 1480
9560 8201
5932 3364
12356 9952
16756 9659
3840 4881
4744 9118
19084 9110
13628 4234
13104 9474
10252 7946
3792 5906
14612 6892
7908 2237
15008 4
16776 4473
11512 2174
15368 5474
1092 2
10552 7128
15608 2983
13708 7396
11532 9718
18068 2669
9988 7428
6416 7525
15748 8314
15364 8071
7624 5098
4768 8227
4452 7299
328 1751
7796 4114
3892 8516
15240 4527
15784 61
15548 739
9792 6615
12980 431
4900 7402
14416 603
716 1898
15616 4567
848 5909
19592 9969
6164 9242
14504 7217
12940 461
9464 7642
13580 52
5636 9136
13440 2301
10460 4147
12552 6193
14764 8165
6176 5009
15096 4238
18060 4959
44 7475
1432 5713
4860 2407
8236 290
19000 7155
9904 25
14436 7156
6824 8116
7896 5965
10312 5607
2032 2275
15804 387
17784 3635
1848 1174
1768 8932
16672 9267
18268 9864
1488 9744
19984 6803
15872 3969
11996 7420
19600 986
14260 5857
6180 7083
3392 6807
6572 2433
5552 5983
8748 5517
3096 7934
16292 6249
12316 5395
17328 6963
1724 9168
8964 5069
1808 2863
1960 8818
1560 6413
19348 8511
9948 507
4772 4834
1108 7855
18256 6879
13424 5135
6184 6104
10516 9401
4960 9056
6380 2959
7264 2087
124 8721
6240 5325
4752 3132
19516 4773
19476 2578
17224 9292
7172 6571
5832 7492
7120 2459
7360 229
4824 7638
12876 1311
17672 1736
16752 9245
18720 1491
980 970
8228 8250
16452 4363
12476 3796
1896 5732
2732 6439
19784 1762
11200 7342
14792 908
3852 8528
11644 5092
19528 8759
7612 6847
2516 4525
10576 8754
5556 4048
2464 2523
5456 1024
10444 2806
6900 5797
11264 9874
6584 8292
5208 1228
15836 8936
788 6707
6056 2421
16252 2394
6064 259
3584 5206
4464 6540
19556 8513
2852 8690
17188 570
9156 2308
2964 276
16336 5578
10936 2907
11020 4562
14884 6668
7644 8994
2232 4069
1932 6954
3828 8405
16556 2423
18532 4429
7532 4979
844 6220
12720 5634
14648 1218
8644 2070
16664 4486
5852 4503
2948 8710
6228 3223
15284 2598
12840 1426
17192 1936
11592 3662
19708 1110
16868 3763
15348 3334
2412 433
19300 6209
18748 3750
18480 66
13560 6092
3916 5381
19672 7287
808 4172
19896 1172
6036 9023
15592 9255
14716 2391
1584 8462
16876 9501
18320 9729
18516 112
9060 9633
6248 3584
6852 9704
11284 6489
19256 4761
19644 9205
1200 7111
18020 806
19588 2896
2024 6727
16956 3127
15288 2107
7204 4430
17532 1445
12404 264
12960 8626
9760 4681
10164 5349
17676 2429
548 3918
9844 8674
19580 7588
6880 3094
11576 5150
4592 65
2884 8767
3952 5657
8116 4545
17008 5020
15708 6509
3352 3480
13600 8641
19232 9274
12240 1900
12752 8404
10296 9116
7412 2246
18416 901
568 4831
2544 6061
5056 4911
2252 408
7848 4718
15180 4062
9372 9407
4040 7883
3712 6009
16572 3156
13428 9100
6752 6016
9568 1391
16864 5672
18824 7661
6656 5495
14736 3268
17548 9951
13892 4995
7960 736
9300 3626
16312 3747
6404 6089
9264 1560
12964 5559
15712 8769
19212 5771
5428 2155
7088 8371
3340 4446
4288 4707
4864 8955
6292 9155
3620 1520
5104 3089
6332 7048
19428 6666
9468 2022
2140 1894
9128 7633
5452 9542
7988 5342
13152 8232
13448 2356
19200 8654
14224 6561
4580 9082
2924 926
7956 4405
3412 4450
1888 5227
5276 4182
14356 2334
5920 233
2264 3428
11752 8830
12152 283
18744 5617
292 2815
5508 9744
3032 5777
12976 5920
7872 3780
10944 3568
2480 6295
16480 3677
18860 1467
8632 1147
13916 2617
19020 5458
2756 9226
572 337
8512 9963
8060 8812
19356 3856
4876 1457
2800 8125
12984 2672
17656 1537
19176 1804
16156 9988
8256 6325
12616 4916
16016 667
7408 8551
4248 4570
3568 9059
6700 4642
16764 4709
19664 4419
7004 2052
10976 3066
11332 2513
11492 2950
7180 8719
14684 334
4212 1879
6500 4088
4476 5336
18400 2718
9744 559
7372 1799
12908 5509
19280 8124
2356 4169
7440 8983
19016 6878
7912 6110
12080 9365
6320 520
19064 1690
11664 7587
18044 7208
12156 5306
17144 2288
4776 7145
5956 4081
1500 3428
15676 448
15432 8718
7520 4766
1460 970
6212 9463
8784 1209
1024 4154
12284 4999
9920 1570
2904 8036
16368 9956
9076 460
11088 136
2684 3239
17384 5544
8416 2824
16980 6511
4148 7590
2592 2192
15628 5028
1964 3040
13132 3187
4440 5840
6780 4805
1852 4542
15320 2403
12512 5248
8400 8252
17180 7344
6736 5711
5820 301
18460 5353
11220 2137
16212 4342
19720 6935
620 8267
17404 6061
3972 1906
11956 2026
4044 9278
4324 4036
3428 5387
3004 9262
18160 2288
13568 5650
17704 3580
9100 9650
17752 6305
5432 8357
11024 8878
17536 3693
11280 3564
18944 4234
3700 6508
10824 1679
48 4695
4252 2161
12312 4553
10260 1661
16064 746
13504 2137
1132 364
3640 3061
3000 1545
16964 2429
9384 6142
15924 5013
12244 2104
4132 2941
12304 9669
5320 4496
6960 2223
4764 5050
9368 3871
652 2355
3932 629
3240 564
4624 635
16992 9269
6168 6131
13352 3084
12028 1778
4584 4031
276 3870
5252 8911
18956 9487
7884 608
312 9520
13948 2512
4828 5671
7936 2617
19172 9697
9212 8256
816 8512
13940 6136
19416 174
14368 3535
19184 7386
4104 5787
12096 8609
17160 4004
13012 6406
5036 8454
8856 3736
14960 415
8428 5683
12292 1820
4656 9366
19900 2288
5664 3207
16080 4197
17724 6770
14148 2009
1520 4888
17388 7656
4080 3285
6928 9866
4888 7206
7208 3350
3360 7580
2740 3689
12444 3973
17140 3778
9604 826
17204 7049
5384 3714
1264 4816
8216 6249
2892 7647
17836 2498
19968 9528
16172 9100
3628 7005
11180 5415
11816 3551
968 9412
5884 460
18656 7475
11692 6164
9160 257
18688 6401
19264 5171
10316 1463
15436 1920
11048 1343
5464 8498
11204 9891
1104 7300
19360 5797
3664 4176
8260 8045
14628 2583
1144 8896
1232 5819
11864 5565
3524 3702
1236 1239
14852 491
8948 5889
9288 3123
19052 1629
9516 7749
15152 2688
18384 4191
7240 4830
10584 1810
18100 7647
11232 8831
1492 4927
3236 8024
13720 2447
13180 1688
7016 9600
3200 4791
9976 7630
9236 4483
6100 8322
7512 5006
11128 5950
18212 1600
8984 2790
1348 7810
14680 4321
7800 8608
8636 8789
9144 9071
3272 2801
12732 414
4620 9611
9540 498
15540 38
8076 4449
19808 8255
7320 5137
10452 4716
14916 5768
19616 420
1836 2579
12056 1799
2336 507
7560 1002
18388 5185
13280 263
4076 2849
18372 1942
4332 5161
1040 3382
17528 8294
8424 3346
1304 4105
8124 7476
8384 6564
11796 6269
15736 7531
14096 9067
9972 8847
1396 2424
18768 8535
8148 6842
5668 4220
3808 831
7788 8943
476 105
12944 709
7648 568
18696 5483
18856 5124
3444 2776
19936 6196
17440 9250
16000 1087
17612 2473
1156 6065
12592 8589
5896 4184
696 510
16196 7602
13264 36
6600 3957
9676 38
1616 492
10448 2524
19548 4795
5460 5962
16448 247
5608 8560
18164 9405
6004 2525
7668 2906
11300 8548
10292 7508
15324 5059
12456 3329
18792 8318
1640 1935
18288 6275
16248 2814
9388 9647
9608 3313
6652 4083
4328 5809
17132 1029
19072 5394
2128 3198
11912 3389
11104 8954
8212 7467
8556 4580
1884 9831
11784 8772
17524 3649
16656 638
14056 5065
756 4495
6948 7369
7260 8712
19532 6718
8320 6648
2612 7093
2060 3072
15156 2004
8900 639
3284 2878
5672 5891
1868 7211
11504 1547
19824 1744
2848 1500
6524 9229
16700 8081
8008 2228
16976 997
15064 7226
1020 7604
7212 1578
15376 8337
676 712
2912 3617
9688 590
10816 2888
2020 7397
1744 7357
14928 2116
17768 7005
2652 391
14280 4834
9220 473
14060 3450
4020 9910
18932 4628
5008 3304
16424 4151
5732 6268
9552 7674
12728 230
12800 5177
12756 4684
11188 5783
19496 4156
10156 9599
6820 7025
7064 859
7032 2282
18600 4694
13644 4623
2220 9909
12628 9145
12280 3386
2044 180
16652 159
3048 5400
17120 9328
4360 5578
1056 3098
3508 639
18316 7295
8516 7344
15452 7751
15132 5480
11872 3037
332 2995
692 5957
1372 1239
2000 5146
15780 9823
4528 5084
13356 523
16132 9523
15816 1838
552 2543
4928 4126
3812 3474
1388 3570
19608 4876
14796 2144
7996 4789
11920 2965
6024 3406
17888 4531
10664 732
6196 2992
7348 2586
4536 450
17268 4533
528 643
18428 3196
19676 2771
11828 8217
88 468
6756 1534
15900 9035
2048 679
8660 4446
19544 2177
7676 799
2392 5252
9096 1413
6608 8487
7712 9299
1800 9876
8100 3937
17032 6626
3408 7329
2960 3628
12128 3540
7284 9771
15808 7773
16320 2792
15024 8249
15012 7158
11420 9973
14228 3441
5728 6237
12852 2441
2056 5458
2124 5363
9620 3849
8472 8070
11832 349
9852 8022
708 2373
14276 4731
7548 2870
3184 8872
4964 6034
6340 3476
4444 2438
17800 6466
12268 7303
19424 4172
12884 1677
10368 9941
11392 1666
6372 2338
8648 6761
17320 4262
588 728
18348 6321
11568 9173
10756 1635
2504 4221
144 7942
10464 8678
6536 867
8676 7982
7128 8184
4508 7908
468 8958
4296 8190
14616 600
12536 9160
7188 1133
1792 2909
16788 9831
11352 4543
1404 3712
608 7869
15052 9864
19304 1931
1916 8498
12676 3581
6124 6818
11800 1255
12760 1025
2760 3098
19404 7814
7292 6646
640 226
3788 5048
9784 8135
16620 4295
6232 5332
6420 6255
1188 3947
19260 2425
13068 9051
4428 5576
16404 9660
2616 4484
15492 6388
8924 7513
9196 2980
17036 1344
18928 5030
19288 3149
10916 5734
16520 9049
2256 1920
14920 1789
19844 6936
7740 6072
3888 7521
16692 999
6876 6150
14308 9917
6936 3717
12064 9919
15160 403
8156 3222
2532 7841
13612 7497
9408 13
216 5369
14116 8864
4560 231
152 3789
12260 8210
17148 5780
7164 2390
5584 776
2212 1762
17720 5721
9768 7712
16028 968
11012 1569
3388 7393
2872 9525
8936 6440
2012 8865
3364 3625
9064 4012
1160 4924
13272 1914
12792 8281
16792 1626
3512 6752
5304 8093
14988 2149
10416 8860
8548 7532
5312 9469
2104 9345
18356 6775
4696 7648
15740 4931
3448 4897
12572 1293
11208 6739
18740 781
4532 76
14076 4500
18704 5353
14428 4949
3120 9577
2780 402
17936 5923
16468 2467
16328 639
904 422
19012 8374
1028 8993
9732 2819
4916 1673
16272 7107
16088 2885
13008 868
6744 6524
12032 6397
19648 5244
5528 2713
15408 5624
18680 4310
7816 8677
19568 1272
14548 5610
12844 2113
12176 7252
944 5719
560 7207
11112 9981
656 1545
3836 7278
3160 9314
12564 8223
10528 7541
13776 9695
5112 8606
6508 4182
15692 8326
4724 7558
2608 8531
19160 3911
17116 6304
12208 9599
15800 8420
9652 9394
8932 6930
15444 811
8916 5546
2728 612
12344 37
7544 9481
3224 924
624 9117
1096 5705
2640 1327
9864 1734
12364 8717
16648 2756
10352 5424
8812 4321
100 7521
19248 9800
6060 8650
4208 4442
8180 257
12880 7144
6992 6824
6384 9869
14664 6761
5620 1621
11360 6785
15664 4313
1540 9370
10680 9750
17652 6875
10684 3980
19152 8009
3196 7019
10380 8779
17056 2265
5844 8930
12052 4330
2352 5349
19604 3695
17872 2907
17288 9536
5000 5473
18052 7916
9132 1011
10924 8607
17972 9338
18728 9032
1320 6718
19752 7582
10240 6273
16164 6573
3656 3065
13396 8762
10344 7495
13512 3952
12568 8058
19964 9032
13552 963
14632 5591
9420 3409
2100 9658
10716 515
940 4174
6348 7790
13384 8700
17416 1567
10768 4139
8244 2972
9684 8584
15876 3531
11760 6218
4924 4799
12888 4663
16316 6777
5604 9843
10960 7785
18140 5921
5324 2996
1668 9230
15848 3159
12740 7005
12332 7234
14448 4813
8404 9936
8804 6901
10052 9208
13808 9839
10828 8993
18424 4430
6844 7465
10420 9799
10728 7312
1268 7019
18724 9894
6920 3820
13584 5653
3100 7347
19852 7263
15224 3429
3516 2282
11960 5927
6456 3968
4192 711
3252 5325
17096 9055
10396 5292
12036 4339
5836 5549
2240 1762
10500 106
2456 9923
7252 2924
13824 8162
3488 1547
17940 3083
13328 8630
14676 5096
5576 6198
14964 2846
17316 699
8372 122
12180 7267
13968 7321
13732 5789
19688 5125
5964 1047
4812 2634
5536 9279
11164 1933
16428 1403
856 877
4292 4521
18292 2807
5952 8721
7592 2207
19756 2396
19680 4190
17896 528
3776 4633
3648 4935
544 7412
7444 4218
16636 9931
4492 2488
444 4904
17572 5883
9980 6274
380 3936
8068 6529
8572 739
724 5026
9960 5917
10456 7182
14656 8101
5176 5278
16904 2896
1380 551
8896 8331
18156 4227
11508 3842
4524 7335
8344 1809
10904 8407
15552 3246
5004 7592
7152 4379
4608 8739
17456 3892
3220 6935
19440 5404
13076 3754
8112 483
3320 717
1648 2762
10872 3152
12340 9390
15580 6626
13912 5539
10908 4144
17012 5854
7084 7741
11396 8550
13016 219
15752 9829
6704 9489
19380 5367
2664 3494
11892 2619
14372 3327
11732 8247
1704 2788
13044 6588
4108 8210
13792 8059
10104 6346
11880 8379
13464 1485
15964 1447
9248 6392
15212 1529
11556 4639
19960 2355
15084 6325
728 4392
11720 9174
4572 4415
2460 6694
392 9572
2488 4990
508 9640
9956 1865
3724 3380
860 7942
18784 5344
14316 968
5692 6287
5392 9995
11096 8858
6104 6604
2712 8486
16544 4328
10860 7312
2644 2728
6392 6789
8092 5919
9048 2408
10372 4689
6152 7737
9508 7734
1524 5823
14688 4810
17520 2930
16740 7008
4308 7563
13652 8368
12336 2548
14536 3070
7604 6394
7916 8016
19228 1057
5960 6476
3604 92
3832 9402
17804 2559
2660 6874
4988 2457
3784 8813
10524 6693
14432 2630
18492 8478
18556 6423
644 2674
7528 7357
12996 1374
5136 6085
576 8626
10752 8920
9396 9509
11076 3775
5596 9977
7860 8913
384 4361
13304 9997
16228 3733
14072 2947
12232 9466
12584 6110
12952 4994
14320 5051
8728 4637
5144 7601
1228 8133
1676 828
14140 2654
11520 1755
1612 164
580 8602
3064 5780
2068 3718
4060 2432
2944 1346
12604 5257
12548 5029
3744 3590
5944 7449
2968 3034
2084 3392
6076 7962
6436 5234
19056 4079
1548 3385
6408 8728
18108 2025
12212 3415
17108 4074
11092 7163
15112 3279
17484 8018
11080 7602
13840 8268
17260 5729
744 2737
1192 7288
11552 294
17780 5085
9252 349
7576 2367
18508 1310
7428 2812
11776 3138
16624 2953
18376 8325
1876 5783
14244 5569
13452 9976
15464 2364
2556 4328
10620 6872
16716 1463
1700 698
8412 4989
10732 2780
18980 2235
2764 126
18380 76
17808 2884
19732 6484
4276 4350
2468 8126
8820 3933
5684 3018
16128 1655
18328 97
12712 1512
5516 1850
12764 6212
4588 800
13400 8835
18632 267
9580 1878
6084 8723
1000 4846
1608 3215
2276 6624
14068 3881
17948 4441
8000 3550
5892 3035
11936 7874
5180 5480
16344 7356
1048 8329
2992 4394
1504 7593
13964 3157
2176 736
4800 5917
15988 2337
12436 487
11660 5767
8912 7883
17868 2930
4456 1698
5532 3808
14332 8957
10276 1806
18596 2223
14240 2510
1148 5877
8596 4683
16284 3460
18504 9896
2076 1773
12808 9156
4092 7486
76 7779
4320 2495
3556 6930
12796 964
9736 3918
11588 4830
15512 7687
2064 5374
6908 4383
19572 5884
2112 4118
9424 6573
6432 5586
3484 1537
5220 4900
15704 7629
10900 5611
18580 9856
17632 7499
7748 1906
8240 8744
20000 9980
7720 9842
4312 8279
18080 4313
4808 2568
11928 3967
4984 4547
5116 7243
8528 5021
7500 9235
10532 9442
15460 1141
16408 3657
7920 738
19088 3060
8976 4205
8880 125
3764 4839
12248 9082
18544 6609
11844 2720
8448 2621
5600 2802
2596 4972
10060 3842
17848 316
5904 6510
7272 2971
4336 1873
16004 1011
4948 5532
16948 6886
7680 6247
13524 8700
32 2175
17352 511
9020 2835
3076 3438
6412 8207
8296 4856
14772 5028
7768 4207
6016 7795
2184 4261
3848 1433
10676 1478
3780 1089
3588 6451
320 7637
8172 8199
3176 3661
17336 1771
184 3608
6028 8025
660 4695
8692 2162
15000 9594
18616 9762
16952 1193
17408 500
8328 8395
8168 9658
10048 2398
18028 6422
18252 9349
13536 5437
8032 2633
9336 1398
232 4411
15244 2432
15040 7248
1820 3411
5760 6437
19044 2407
2396 9669
10068 7766
4280 2509
9256 667
3292 4369
18732 941
5400 60
9072 5783
7756 6092
12024 9479
11488 338
16036 1198
16020 1832
9548 5592
8956 9410
3688 9219
15796 5119
11600 9117
12328 881
6692 5584
10480 8923
12408 4434
15756 7080
15204 9147
720 9057
13760 5323
264 8470
12188 4481
1428 4822
19796 9807
2260 3430
1772 5232
1152 4414
11524 6364
15472 6838
19124 6604
19168 6458
19268 702
5504 2709
6080 8356
5712 1252
4700 288
8532 1845
6888 2403
7280 1088
772 2863
18260 9113
13724 3081
10408 961
8052 9607
15764 7937
19408 8714
8176 6305
12016 2254
18168 686
1256 1800
4644 456
11944 4155
8324 5985
5244 9301
17552 4848
13956 6368
5336 6474
2136 3782
19452 5411
9188 1701
10120 1815
16604 8907
11940 9111
16772 4003
4820 7654
3608 5369
2080 2159
15356 967
6304 6547
17576 1082
14908 5438
13748 4594
14660 7168
16644 5563
11724 9456
10876 4998
7704 8569
6892 2631
16984 468
19080 4261
11584 9924
15260 6342
28 997
19660 2055
16856 9586
15684 1988
17396 5679
1880 5228
8752 2741
18016 6457
17252 2719
11452 5504
11472 5595
11156 804
6588 7557
9324 2979
7048 3664
10880 1284
2228 3966
3368 9041
14472 9611
11756 9495
15716 4338
19632 334
1756 1127
19112 4718
4896 8479
15332 6700
5404 8120
7588 2382
13784 4488
14984 5985
10712 5246
16340 6077
900 4605
4540 2960
9836 4415
13544 3260
13484 7586
1012 7899
6740 9010
11988 645
6440 4450
3596 2221
17504 1939
280 7031
15904 8497
12272 5292
5848 7448
5228 9959
4344 7296
6300 2620
13420 6076
18764 1703
18568 8345
4016 359
6200 4879
10108 2950
10468 6179
6452 7393
17756 3340
15220 545
9308 5726
1280 3403
8580 8496
19188 8810
1364 4832
4940 4102
10384 5792
12668 6155
15252 2122
4300 7304
4304 8161
15072 9045
8972 2349
19620 179
6964 907
13664 6498
7508 6832
3172 7379
5876 5848
5652 5921
6488 9647
764 7990
11460 3843
1920 8186
11480 8977
15576 6398
9536 257
408 5132
15016 3039
17496 1170
404 5261
15108 8216
872 1998
18464 4610
9496 9780
13596 9776
19928 3671
3692 2141
8684 5441
13960 7457
7136 8328
12652 9769
16360 2097
15504 8696
4400 1522
4352 4512
9140 6322
1748 1172
488 6370
5632 3952
16728 3899
5924 4569
10544 105
11684 5055
15060 2712
13124 5659
5044 6517
3400 9742
14596 5792
12644 773
12044 1535
15184 1647
10648 2505
10288 6379
7352 5238
16800 797
12068 6370
14564 4768
13168 2298
8680 7513
804 652
14776 6774
12768 3112
12912 4651
8672 4615
15404 8954
18984 5064
16476 4311
4784 576
3652 358
17000 1940
15700 8923
9812 5818
2572 665
13408 6905
16224 1919
7100 1777
11340 9816
13656 9692
6760 7504
17392 9754
9616 6974
7052 7072
7096 3528
18564 1186
19464 1001
11948 3208
10204 3036
16560 1315
16268 4593
11036 5044
2272 8380
18676 523
16796 3625
4236 6484
6956 6610
9168 9639
4036 6479
15908 1870
5120 8373
400 2721
4720 7305
14848 401
3228 2765
9340 1694
10436 44
4256 499
14952 3644
1216 2035
6560 6420
6576 8197
5656 3517
10064 1588
12524 143
15292 2696
18468 6097
12632 9586
15412 8679
8152 6000
13780 1045
1360 502
984 7581
13000 8960
15148 2223
15532 5732
11288 6914
9888 4522
14752 9203
19244 3208
13928 5954
2524 6980
18852 6670
16940 4968
15720 1055
9656 6449
9392 5925
1212 4417
9512 6929
16724 7161
14768 6913
776 4852
3020 5978
9880 5307
16024 9902
10948 8149
9364 1611
8204 7490
12488 9616
11432 2824
2340 5981
16188 1697
9404 366
448 8267
3476 5337
4072 6673
504 6490
17644 4017
15400 6776
9312 5937
11168 6460
780 4229
3580 4420
1556 5175
1976 9314
4892 8765
6708 1534
19848 3661
3208 2480
8780 2005
3920 6132
19940 7736
16356 4157
3472 9194
3180 3021
11544 8253
14576 7342
7820 300
6728 7673
224 738
13392 9860
11412 9716
7632 2886
13992 2330
14524 2623
1308 4024
19560 8033
12804 1566
16244 5432
11836 9863
11804 469
18636 8261
120 9726
6856 8931
18264 6569
8292 4709
7256 6907
14144 7487
18432 2521
17040 3818
13084 3735
14956 5305
2560 2630
6364 4545
19340 5056
11496 8808
14200 6942
18648 2133
2540 2577
19456 3428
9460 8328
11616 6459
5544 8150
18472 8829
3696 7852
8016 3389
7248 8445
19788 373
11072 3226
9772 4638
13468 7732
5352 2455
6468 8656
7824 3847
9008 6463
7688 7970
3748 5696
10248 9315
10852 5996
5708 96
14476 798
11908 7514
13848 8827
9860 7336
11620 2437
11680 86
15640 3005
8268 6748
17152 4519
2036 7693
2812 5389
13764 4757
8620 3954
19804 3391
18584 7168
5784 9658
64 9164
5088 9794
12612 6158
1344 3222
3552 2072
3820 7470
17640 5529
1928 5772
12892 4651
7496 4746
8104 6784
15892 3613
10484 2729
2292 6165
3056 8548
2168 6244
16540 3393
18692 7651
9488 3545
5824 8344
2312 3154
8436 6442
14980 5423
14944 6282
12624 5936
4180 3299
16920 728
18572 8655
15772 5544
4692 3585
308 633
13788 9506
18312 6630
1484 4016
272 5029
13920 2613
932 3860
9176 7815
1660 1156
7300 5055
8764 1357
6720 8300
12544 6413
19956 2381
19412 9539
9276 2484
15596 8265
10520 7583
8656 2460
18884 8557
10112 6239
1752 2187
16440 5970
18056 5973
18972 9718
15828 8244
8408 484
15588 8490
516 9870
17920 9950
9412 9049
13388 2831
18012 1554
7140 8412
3956 2303
17024 7246
19892 7164
8500 5851
11040 8775
2916 705
13904 5788
12432 154
18280 2387
11612 6697
18444 6270
5752 6084
8792 6344
3844 5455
12352 4144
14460 1102
18592 6429
8576 1393
17592 2801
1720 873
14160 3506
2380 1614
15960 8022
14740 2896
2316 2973
4732 5430
17284 4947
3676 1121
2880 1330
18172 8522
11404 3655
18612 1593
1892 8872
4088 9819
14108 226
948 4049
14948 7205
540 8325
236 5096
336 9307
7184 3561
13672 3579
10476 7281
18368 2878
15516 1453
1624 921
10176 7551
344 2816
14464 9803
2248 8135
17044 2188
964 7580
15860 2914
14264 8114
3804 4268
4112 6711
5500 3778
19908 5294
15980 1263
7984 8908
17448 1474
16076 2468
8992 2804
14288 8414
3544 9662
17436 5877
7568 3216
8440 5743
2564 944
7388 1333
15488 867
12204 9321
18644 4440
12168 4618
12828 545
3308 4324
5792 4703
19992 2260
13492 3932
15760 9359
9472 848
19036 8845
18036 4093
5828 7295
19292 5666
8136 8408
8004 9860
11860 8922
6360 4235
760 8912
16372 4650
4596 8828
10220 9607
16260 3928
4844 290
17068 3862
18196 2413
268 3457
180 4796
16352 5511
16600 3025
11464 2889
6224 6817
14020 5887
2956 1309
7296 7852
10320 8806
16548 2185
16780 2977
10856 3452
9332 1072
15140 6827
15916 8195
14936 9958
2528 8863
16592 3820
3268 9674
3456 4879
11428 9048
9632 7563
15812 5272
5328 4308
13624 9987
18088 8510
10964 4575
8336 1420
13064 7046
4976 4490
5644 2110
7616 221
5572 4017
2928 7113
13988 4477
10668 1894
17716 9798
11016 7412
4240 5818
9544 208
9752 1845
15776 1211
3256 7943
896 4264
14784 3204
13820 4110
19316 2719
6768 583
13200 5091
13932 5985
17256 7658
388 3473
9292 7074
13680 1819
2420 4214
7488 1166
2364 8585
13308 7447
19920 8673
7552 4699
12420 2362
9872 9938
3768 3736
10076 253
10536 5979
3872 7573
2004 9512
3560 7414
4436 3207
11672 5286
72 3994
9776 3217
5480 769
3480 6078
19208 194
8824 3805
1128 8725
7080 2833
4632 8249
6020 9161
12772 3945
19284 3727
9104 9176
2308 4808
19652 8288
13796 4750
14396 6430
12144 2835
9112 7337
15388 9254
7468 8209
5420 8762
8664 5310
17996 8323
2152 5487
18896 3649
7104 8891
5564 4147
13576 9441
15020 974
12788 4315
15396 8504
14400 8518
16908 1255
4392 3773
1900 1749
5100 335
15500 9305
68 1594
18892 2494
8144 6090
212 6722
8944 2506
11064 5656
5140 8885
4424 5246
17844 2813
6156 100
6940 9256
6832 3642
13688 3968
17664 6479
5616 4212
17240 2351
7880 3631
8304 8549
17700 757
9344 7836
18340 5756
15144 3033
6096 5959
10764 1439
16840 7733
11276 1232
9820 3235
15508 9841
3300 1119
12636 9711
2284 8718
13684 8522
12288 5465
12424 8724
15352 291
3156 8241
19308 5917
6284 7118
1832 1122
5164 8179
6396 93
12228 8294
1740 5551
13096 3690
7716 8846
5860 4740
4056 1809
11580 3077
116 7051
12196 816
4416 5638
18916 5136
9848 6394
992 9301
1860 9037
17080 6683
6644 9982
4616 2492
10776 6065
10508 9157
16712 3445
6172 487
5928 5077
288 9368
19376 2321
7200 1866
16364 4284
14248 1965
5216 5562
9024 3011
6256 8431
19100 5929
6636 9745
352 2038
7792 7887
6504 9607
8480 6227
11312 4326
13880 8730
80 3808
6896 407
6532 4194
9708 4016
12376 4097
3940 2423
9456 2003
2744 6905
13864 6800
14976 2853
11212 7031
11744 9637
2768 4373
5012 4805
6464 2917
18672 21
10268 5568
8844 225
17372 1891
15948 829
19828 1721
18836 8816
16256 7548
11596 9202
18608 5759
6624 5720
18132 1675
10388 3869
4364 7218
12864 1434
3536 6147
10184 8439
13812 410
13900 3978
2496 5745
13116 2034
9636 9058
16396 3115
8220 4937
10432 2257
16632 5334
15584 5373
888 9154
19988 3252
40 5176
13160 6693
4412 2114
19880 1919
17216 7510
14052 6808
13108 7479
17688 8880
10548 9199
2288 1286
7556 2181
15568 3512
18180 8566
8388 5936
348 7232
4384 4266
3796 1885
18880 2230
13080 3922
7868 1582
5716 5877
8332 8493
892 5749
9556 7465
19328 4898
4760 1242
5212 6113
15384 6992
17004 6699
3212 9226
14780 1931
972 9935
6264 2818
12412 5069
11876 4540
12000 7031
16508 6228
18800 1740
2092 1188
9012 4084
584 8299
15036 7101
4100 4272
3316 6229
17748 918
7132 8037
16280 604
14296 27
19028 9113
16928 3002
8524 2525
11144 2320
18752 5258
12104 3046
6328 3384
12116 6381
2860 6645
3416 9456
16804 345
5804 7552
16612 2607
10300 1987
15268 2665
14924 4294
12308 5655
2752 8926
5808 8048
6984 9632
4836 118
19392 6664
4188 6915
8420 2229
5064 5765
13320 6773
8484 5153
3900 4568
4172 516
2736 7899
7000 8893
17428 1096
10256 5964
10244 5095
5540 945
296 4368
6916 6270
1352 1803
18360 8142
17020 882
2796 6381
14312 3957
7040 8662
13340 1649
1628 3533
748 9023
10080 7483
9624 8093
18812 770
6972 823
11356 7135
4116 7664
2204 7366
4216 7082
18864 4035
8872 6676
1804 5354
15528 34
14832 2389
11160 8622
12904 2603
14084 1700
8828 8021
16276 8177
5380 3666
840 8180
15200 2530
8724 2994
16040 5960
14136 1625
2836 7752
3132 1674
18364 9896
16032 2191
8564 7630
13100 1984
836 2048
9660 5844
3968 4417
1696 8020
11292 3280
20 8393
18048 2770
13896 1461
9208 8758
2864 3619
6628 5558
13260 2987
13772 5072
4956 5146
17820 3224
3856 4021
19164 3864
4472 8430
6160 1391
13832 6428
17208 8426
4008 281
1172 9791
18332 445
2520 6792
5060 3282
2568 6947
5040 5004
15296 1400
7724 440
10512 3189
4028 9854
4728 50
4884 9017
10968 8123
9592 4374
10336 5526
15124 9497
16640 3258
10884 3318
7480 8131
2376 2361
5908 8176
5524 9991
16192 5612
19324 9137
13164 3160
13176 2964
8552 9582
13092 409
10412 7358
5748 8318
19872 628
5756 9916
1944 6165
1448 2036
18440 1989
6804 9571
16216 8946
18476 3978
16524 308
17816 5791
4484 4582
18700 4254
1812 5793
10800 6629
10012 4120
10488 1677
16052 2249
5200 2001
17200 9398
15556 5681
3468 4711
1168 9625
7420 2415
9500 1378
11632 1773
9280 243
10740 2104
18296 4768
10836 7011
2236 2660
18796 1727
5344 6988
10392 8684
7400 2473
2580 7880
10708 4995
7940 7287
7836 2576
3460 3564
7584 619
4496 9236
1340 7645
14892 2453
15936 1516
5768 1720
14380 9037
18448 3680
16388 3462
14940 7413
3868 1905
19092 9520
2932 9433
4544 3060
2436 7117
5412 4049
15984 2408
7060 4814
2588 6358
244 2142
14972 329
7492 4538
9856 136
3104 2919
19776 6368
12540 3529
12528 2040
15360 8905
17628 1679
3384 9022
2348 3159
10400 9581
5128 1346
3884 8036
10792 4964
10228 5408
19952 4332
11900 3855
17128 8157
9260 1175
15672 2042
14800 807
6072 4909
19904 4441
15100 1572
5052 3974
16464 123
10144 4433
10072 90
11608 5074
17172 8869
11008 2608
17588 2454
2148 3250
2908 8922
5868 466
10928 1947
7600 853
15644 216
16288 6235
18528 7604
18308 7529
7024 3891
13236 5074
12468 9641
18660 7663
7148 5750
13696 1338
10784 7961
12480 4883
3420 1784
18024 9209
2824 5751
16732 8438
5996 6934
11736 4179
11952 8136
5348 4265
9068 7043
500 4527
13744 4295
15392 3602
14164 2063
19492 5561
15928 1726
248 2207
18092 7162
5856 7066
11792 9168
7540 5024
6336 6357
10656 7712
1292 8412
18668 4952
10084 3674
16184 9123
13032 6482
4232 2903
9828 7166
13460 3456
17760 2777
13040 952
16784 8948
18224 1435
17196 7938
9612 6176
108 6017
4912 4859
17472 9253
7700 2196
60 2320
8184 7427
10804 266
18996 3911
4084 7988
15788 8973
10796 2922
13508 4128
472 2974
15868 9885
3136 9180
6204 5283
13248 8714
10868 670
18404 6931
10056 7246
16176 4354
8740 3287
10568 4491
19024 8786
4716 8921
4668 3240
6272 7718
13456 1351
18184 3758
3680 8731
1496 2341
16584 3630
6980 1679
13128 5175
16912 2507
11028 4338
14604 323
8196 3454
6044 8553
14788 1250
7780 9412
13136 9761
4704 1954
8700 52
16588 7626
1244 9512
4968 4557
4224 9132
2508 8547
9452 6878
11868 2767
8444 1998
4992 7857
16232 5518
8584 7946
14196 28
11476 4006
7344 3959
1392 3076
19800 3420
7892 7020
16944 5258
7652 2529
17904 7100
17076 3257
2196 4660
1728 2496
2052 498
13884 3155
9136 4136
5204 658
5096 8261
15856 9390
2808 2082
17744 4880
4920 141
17764 5755
14388 2240
10224 7015
324 474
14348 7273
18988 2969
19772 413
12988 5187
6716 3824
13756 2710
12072 8857
3752 839
9668 8528
12160 4240
11380 6228
13268 5626
8508 7371
11980 6902
7224 9188
4368 8562
19224 272
7340 9612
11344 3980
2576 4909
12748 1288
3040 8857
5084 6451
19076 6740
12724 1213
17280 8778
13800 302
8560 4022
13052 5371
6748 624
9704 5960
18420 9647
9952 7217
2696 9547
1996 2918
8608 7404
4556 4993
10556 9123
1632 4817
13944 4937
15896 3139
7308 1599
4520 3845
1912 8920
3124 2590
16828 5052
4140 2167
2656 2831
452 5358
4220 2219
9152 4566
10124 3759
19144 1913
5796 1670
14996 6856
15424 4123
5948 4747
5124 8125
15932 5638
12124 8182
18124 4433
12640 7277
5272 1917
13996 9865
18192 2120
8860 240
140 3911
5388 5564
2372 1807
14232 3670
10580 3782
2332 2746
17668 4162
10092 7827
8588 7014
10596 8572
9360 5705
12224 2083
1324 7361
18512 1362
19640 919
19684 6724
1416 3421
15248 6077
176 3189
8072 2942
17276 9230
2804 9073
4568 1482
7888 1797
18628 306
16432 7511
5740 484
1680 6827
12776 3375
14912 5414
7760 7393
5720 4679
2324 5828
5484 4742
16836 8020
17432 4782
5704 8123
3248 1573
1456 4354
9824 3300
9080 5152
7460 6806
12820 3525
3436 7921
4468 4626
13888 3986
8128 3641
12992 9225
15652 5689
17992 4014
19768 6645
512 6383
5332 1005
14608 6371
1672 6439
7028 6575
4848 5230
18576 8277
7228 2730
19696 2295
1064 8374
17112 5825
6732 1555
10328 89
12784 9078
1580 8500
11256 44
13192 2532
1400 9440
7972 2068
10588 2937
3728 2848
9284 2649
19468 3103
6688 6970
14500 4867
1764 822
112 1302
7628 7919
2400 1114
13632 8844
4856 1386
10888 5394
8868 2383
6012 6813
7044 3302
16628 8317
16068 7811
17960 6715
3404 9041
19276 6852
7948 199
14720 713
5780 9582
16852 973
7736 3275
11840 4211
10700 7943
13436 8245
1068 4312
7964 9632
9588 3382
6428 549
17292 3294
604 3055
9492 7775
19612 5636
2432 6943
3188 8077
9044 9219
10640 5704
16012 1752
7804 1951
5864 183
18232 1167
12848 5036
15632 5680
13232 9336
4380 4798
16696 4082
17840 8955
7656 2448
8904 104
12076 5699
9380 1787
16008 8221
7068 3961
7376 7089
10020 6103
196 9589
12620 7796
13608 8043
2120 1143
732 6738
17356 8709
12780 9418
18888 7626
6040 4329
13540 8789
17916 4767
420 3678
10304 6159
12560 9706
19552 7842
10196 4713
19980 4148
12200 7799
14868 1529
8756 4656
2788 1693
7436 8955
17860 1925
6684 4923
10088 5154
19944 2737
4152 9589
6668 8797
7356 9343
19780 515
5196 4135
12700 3670
18912 4805
988 8169
104 5052
7396 7105
14520 1175
16504 6242
9628 4613
17420 32
6484 1440
4904 6727
4688 987
11272 9666
12956 9974
460 218
8816 2391
8 6550
8316 3736
2988 4364
13228 6866
10044 686
13564 6345
7696 3188
16308 6442
16296 9762
19712 7279
11528 5289
1112 21
15820 5118
11192 7764
5776 2188
12688 6425
15968 8407
19816 3306
15880 8156
11084 6143
8624 3394
3860 9059
3644 6158
6664 3368
3328 1532
2444 2589
4736 6609
11416 8997
11236 3059
6316 8768
928 2645
16820 1020
4448 774
12400 6364
18208 17
1664 5075
18992 9099
6460 7740
17772 2652
2428 9314
8892 9272
6376 4908
1284 8205
1424 5418
6000 7154
17340 6704
2116 443
10232 3212
11140 5694
9444 5248
10472 5905
2300 3860
15080 7669
11748 1044
4804 9416
15824 6455
18304 4919
5256 141
10808 345
18064 9518
15448 9158
14120 4804
3264 7045
6604 1336
3216 5871
12900 8163
2360 4848
19096 4621
9528 1525
1824 3853
17964 7834
19740 6787
11004 4373
7324 3396
18352 1911
7664 1817
10780 292
1588 2260
17512 3475
3960 5558
11984 3203
14152 6232
18144 386
5696 1085
10912 8256
17380 9788
7536 7505
14512 8999
12088 1358
15996 8023
4128 4018
5764 5828
12660 7111
11424 3425
5292 1273
2940 376
752 2858
12256 9375
2388 4727
11316 474
9204 4415
12516 2095
4200 1006
7596 8228
12084 6567
5680 2385
6344 4899
12500 8303
7924 8862
10016 9162
7484 4341
10636 865
6772 1261
16512 8809
10644 862
3600 4360
7124 929
2720 3773
8452 5572
12324 9059
17048 9688
15852 1881
12924 5641
2500 5989
18908 1119
13476 9664
18248 8121
5492 4483
19636 1384
13364 602
1480 3979
14584 7386
15972 1384
3616 2867
14304 3890
15768 7605
7392 7718
13380 6924
4272 6339
12360 8974
6676 9388
2984 1715
228 9462
6052 6098
18072 3866
2624 5506
4936 1364
11700 2545
9268 9930
19140 3529
13336 2926
1208 5084
8192 7542
10340 949
9996 5653
9788 7653
14040 4684
19576 85
15624 9735
14824 170
12472 4272
12816 3334
9576 5505
9700 3671
11116 3897
10152 7503
11444 632
14184 5299
17308 5652
8036 9411
14516 2823
15844 822
11972 8255
9640 3027
4168 4685
13056 1775
7432 1691
7144 9451
6552 5597
1376 6316
17736 8090
2164 6458
19536 7683
9940 6898
3500 1246
5416 3843
19764 3703
11976 7721
2648 3317
10932 1601
16144 1109
14728 9753
16736 174
12300 8560
9912 867
17072 8236
10128 1443
17364 6141
11500 3643
10832 5253
7156 4511
15920 5818
1124 4528
19856 9131
17304 3556
10132 4361
14004 2091
17064 4931
12856 4863
10980 6304
19972 5625
1300 1023
2748 353
11068 4333
13712 1851
17092 2210
12428 725
18496 6036
16844 5085
13692 5024
9316 3932
15128 8209
4160 3553
8852 4390
16416 8069
17876 8168
6480 4354
6220 9345
8536 9374
5268 3035
12868 1003
672 1928
14256 5067
10264 3594
9944 6200
19252 4502
19524 4362
11780 9161
340 5757
1816 5397
5872 5121
884 1702
7564 4331
8224 5441
18552 5841
16528 8996
5676 863
5880 4802
8088 5450
14760 6447
13836 8542
3908 4893
10892 1752
12148 2113
17452 1774
15312 7815
9868 1945
4260 679
4048 5350
19504 5002
17344 9509
19668 4850
6312 2287
9376 5943
9928 4690
9448 2596
8688 6354
11368 5415
14808 7739
5184 4767
14392 9470
11516 9787
9416 3548
11848 9459
19716 6784
4408 5399
3084 1898
5988 7900
17248 278
15176 280
9832 8449
6784 7901
2708 7301
2268 2007
18548 247
14668 435
7116 9957
13412 1910
14484 6316
1476 9803
15744 5735
536 1995
19500 1910
1240 4939
1312 4854
18188 4824
17788 7666
8940 2029
19156 2119
10688 2915
6324 3802
4244 305
1592 8632
1992 8437
924 7697
10820 5269
11468 9246
5900 7017
556 1601
668 3521
16808 3839
11324 8649
2536 8469
15912 6515
6032 6475
9172 1864
19272 7641
16860 4256
17508 3898
19508 6448
10236 4968
2172 9298
19512 2771
8928 567
8352 3711
9724 6763
2492 7968
1968 7047
15888 4223
15336 9154
19860 3455
9876 1651
11572 5939
8308 3529
15120 5536
13704 7465
10940 6824
7636 2000
532 7516
9000 6777
52 4521
19876 7580
11260 7591
11712 9124
15484 8225
9352 9714
11032 2186
16456 9975
2844 2653
2008 3807
19840 2148
372 4041
9728 5807
8600 1312
12936 2224
3108 601
16576 5189
6400 763
14544 5399
8848 8418
3440 7819
6912 8848
220 6296
14000 3092
8540 8225
3992 8850
8120 4322
1776 5579
15656 8757
3716 9094
19932 8498
10284 4737
1600 3496
16100 3602
5132 5139
12484 6453
17832 9044
828 5130
9272 5676
8668 3605
12664 9629
9200 9548
5048 4209
18240 518
18520 4066
18772 9701
4096 4835
5592 4531
14080 6828
11052 1693
8808 1256
19240 6464
15440 104
4124 5236
2784 8642
12836 1612
12140 7579
19372 3145
17900 3926
8164 2135
6800 5386
15032 2210
768 184
10660 2028
16484 7738
5152 9873
13196 6617
8140 3454
10024 1965
6764 6596
6216 6498
8108 2173
14172 6096
13520 7064
8616 9608
14840 5805
3532 4233
11604 3727
3540 6740
10192 3419
14560 958
18128 6954
13620 8826
4792 4052
10600 6668
2724 7676
18408 8012
17332 8067
8040 8145
16896 3250
14420 3666
376 7336
11636 7005
16924 9880
17376 3500
12380 2814
7404 816
12008 6813
17324 9643
14340 8313
4144 2192
10496 4991
8836 5710
13204 4457
6712 2150
6288 5339
13188 5358
9108 5893
19624 1459
1336 1786
11172 9661
2672 7972
2840 4142
14652 6524
18040 6371
13480 7481
9712 8475
14640 7286
14088 1870
13444 3019
15328 5760
11240 6974
14828 7714
16300 6387
16684 1039
17212 4636
7364 1549
14488 5411
9148 9649
9584 2944
14188 2131
14204 1791
13276 727
10724 4609
8864 8447
12416 4195
9664 775
1844 4446
5028 9299
3876 397
364 4762
1712 5542
8732 68
628 6058
1544 810
3336 804
14468 6040
2144 728
10672 7280
18216 9304
11924 1132
10972 5744
18876 1745
18716 7231
8840 6053
436 8438
7952 7370
6932 6686
6352 9205
5032 2092
11296 4865
2216 1705
3128 8171
8832 5701
13636 5520
204 8009
6596 9572
1940 9327
12708 1746
15680 8105
17908 6782
13144 8367
13024 3110
19420 3403
10180 483
17864 557
15728 4337
10272 6729
11124 1858
15004 6477
18004 4694
7764 2791
12136 7860
9004 411
18560 5508
13804 746
12276 1832
10744 5621
648 775
9924 9604
9348 2010
14932 9142
2512 4325
2888 570
1688 591
11376 5019
7776 6135
6516 4888
5936 698
17596 5985
16400 8037
7732 9287
2208 7062
592 9967
3548 1263
19332 9546
11648 207
16704 5557
15164 5392
1652 8562
11308 7635
6568 8779
1948 9698
16444 6253
11108 9289
5024 827
4000 3272
2628 6735
13496 3140
3304 705
8456 873
16420 7111
1044 5133
9296 8653
7772 1969
12384 9857
15188 9539
12452 9286
13312 156
3244 4074
17968 9332
15116 9793
9244 6859
8188 1111
7864 7960
16204 4516
9436 4018
19628 4566
13984 5474
15696 2335
14532 7886
7928 3629
11768 1414
5160 6849
8968 6423
16236 2813
7672 8926
9476 1970
18336 8816
13616 1825
8368 6109
12596 2238
16988 1918
5468 3695
9800 9128
1224 297
2792 9596
2484 9892
12120 9907
6048 8717
2472 1793
14064 2621
11320 5060
17620 3794
17604 2496
10096 7606
9932 3564
3672 6978
15236 8834
17468 3428
16492 2309
8364 6677
19820 1017
960 6608
412 2198
6236 9382
8716 2345
7572 7681
15076 8529
13736 7832
2676 9934
18008 8435
1508 966
96 1169
18324 5868
8468 8247
14444 2981
11884 8579
14724 6615
9016 6546
12832 1793
6448 380
9648 1488
3980 6081
1872 951
10168 1268
3276 1122
200 7302
14292 4152
13036 6788
16168 8973
12464 4460
596 5058
9304 438
11148 2962
3376 9166
4 4217
12508 8314
13216 7423
12220 3955
16932 9778
4004 6207
5744 9824
17952 4758
8044 1772
128 6584
5444 8327
424 3905
16460 2911
6640 5311
10592 8112
16304 7802
19180 6800
5812 3806
14700 6187
1528 1911
3732 60
5168 169
3312 1408
15136 1833
4868 1076
480 5449
4348 8140
10988 3696
10632 2802
876 6116
11656 3922
852 6207
1828 5796
9228 692
3736 1207
19724 6943
13244 3728
6672 4769
428 3083
9572 6530
2072 8557
3028 6210
7012 2817
6868 4519
3140 2048
13852 474
17464 7389
13648 5147
12812 8937
8084 2329
4796 1229
820 1100
2868 9397
148 9867
3344 913
10624 2590
13088 5833
10172 2402
16148 8279
16568 7717
1564 5663
5408 7919
7380 8823
11136 9678
6904 6614
13372 479
13660 4984
19460 3211
13548 7690
4640 6578
12092 897
7904 3251
17176 6345
14176 3602
2716 7836
18712 6335
712 2366
16916 7287
14528 5611
9032 8865
12252 8714
18032 8065
5440 3594
2040 6680
4372 7526
14744 2533
15344 4087
1080 887
17424 4133
17564 3373
1032 958
6388 5699
1464 6112
16060 1438
14456 5191
2896 8735
996 5615
1016 7993
16436 4438
11808 401
17492 2794
612 2215
13332 555
14888 7438
14220 2152
4480 4358
4944 3026
36 2906
11060 8038
8396 2384
8020 7849
5108 854
18228 3325
18456 5708
19728 6487
2132 6040
17892 8479
16072 1340
4972 3738
2160 7004
4604 7033
3984 1724
11896 5525
10608 5405
4600 3823
14124 3742
4576 1970
12348 8415
13768 2667
9432 9661
13952 3571
6144 9765
4852 5130
7808 5805
8888 822
6828 8634
796 772
11436 9740
17648 1510
9320 8984
3760 2500
17624 2045
17856 4197
6476 1401
11728 6722
5020 7535
17104 1435
6836 4852
4316 3765
15168 7832
2668 813
416 5408
6944 7537
4628 8268
5296 9221
4176 5028
10324 3075
4032 2708
688 8531
2244 9449
3928 1533
14480 8440
19192 7906
16616 8064
8096 9095
3024 2057
16936 4019
6208 6141
8996 168
16240 3933
12580 9175
5888 6507
15048 718
520 9340
15536 8210
18968 3060
17460 5984
5308 159
17016 4803
15044 2971
17556 6674
14324 1095
8252 4124
9900 6164
4024 1676
18804 6547
5284 9648
7456 48
15976 8032
13500 7161
14036 1615
5800 2494
6276 8150
6244 6532
19296 4021
5588 1772
6140 4525
6188 8116
16112 4493
11448 8566
14820 9802
17692 9333
5232 6194
24 1684
3012 5280
19128 6324
6860 1204
13284 3748
5488 582
6564 9338
9240 9684
18844 8820
14708 745
12716 94
14856 7413
6616 4904
17568 5614
18808 9324
17088 1587
3424 5712
9680 9327
664 9262
12216 145
8708 3381
8980 8348
17932 521
4908 1475
11196 6366
7416 9264
8568 4126
16708 2554
1008 4164
2552 5475
15192 3852
10540 8839
7196 6281
1512 5772
7476 2173
16116 6051
5264 7823
13028 9879
260 1492
5940 1707
3068 6270
8768 464
9692 6087
19868 6168
1136 8710
11456 9358
12040 6389
13140 571
1356 2961
8988 1408
1784 2453
14556 8762
9916 9270
8612 7561
18220 8662
8952 9739
15300 6373
12388 3286
2016 7423
936 6794
13868 3612
19352 5707
5068 9983
8744 1038
11440 4894
12392 2267
252 5492
3864 5688
18976 4718
16056 3576
5984 8129
4712 2602
15560 4536
5648 792
10360 6314
14008 7877
16824 2767
10612 8141
15724 203
4512 6822
16660 6685
15068 5643
6260 7199
10004 8869
1116 4105
2776 2280
9716 1989
3116 7607
13184 6547
9748 6517
17028 6989
14360 6530
17516 8039
8504 3422
10216 8288
19104 2720
3824 7843
13936 3427
14496 1080
19736 2966
10188 7854
6988 8436
10028 5472
2296 3468
19484 7737
15612 8235
18964 5679
2680 394
18756 8004
12100 1539
16900 5758
7268 9559
4204 5375
4880 7564
13300 7452
9720 7360
15208 3699
6724 6168
1956 9079
632 3649
18104 9822
5724 6267
4564 6690
18828 536
4612 2209
14216 8132
17300 5078
7844 4597
15840 2975
16108 7290
8080 1831
18412 2651
56 4997
4012 2980
14552 6771
17544 8813
3356 4585
11224 761
10364 265
7384 3854
11408 8197
3088 7736
1440 2313
2424 6453
14580 6454
7316 4235
2088 2196
13976 3943
8920 5882
356 9183
7608 5134
5280 3228
15688 5266
14880 3905
17792 6971
3976 7928
13288 2943
5980 6858
10348 7123
2620 5473
14756 2284
14044 6211
12896 3947
17480 3917
12012 7664
18120 7564
13876 3963
18112 1065
11560 150
9780 5681
15316 1064
11824 7261
15264 8088
10032 1412
18536 6224
5080 2386
17776 8122
8200 2345
18604 4643
1736 425
6796 7464
956 6974
19488 6567
16120 7135
15480 6488
13224 3161
11856 7953
8288 3352
2632 103
10560 6261
16748 8207
14900 2225
3072 9811
17980 856
832 5359
13488 8691
18244 3179
6520 9972
284 6134
11668 6520
1328 4739
15832 3650
952 5544
1072 5738
16160 9122
6776 926
11932 9114
18776 9573
12184 1559
1988 1461
11676 380
14804 4411
1204 4616
792 1338
1788 5730
2344 4231
9164 54
12448 4689
11176 4172
13240 8778
2996 6096
11484 9681
18276 1907
2600 7928
14384 6719
11772 508
3080 2596
16892 3299
12684 4366
18900 4598
3988 9245
10736 2680
11536 9405
9052 7780
16392 8263
12692 5979
7832 1079
17348 2472
19344 7578
13416 7859
16960 8578
19656 1430
4516 979
18484 3619
14872 8234
16668 9868
464 514
4652 7933
12916 8137
14284 1550
976 1796
4064 1431
17884 3868
7112 830
1572 3407
14592 3852
8272 2791
1532 4705
11564 5652
396 3001
15940 9687
14844 2106
3192 6396
19120 2280
4184 9527
6996 3871
1052 652
17052 6956
3708 5748
3060 2616
8884 3627
11056 9079
19236 1642
12920 4846
1100 1579
10008 7460
6192 29
8248 5705
10692 5837
8232 3470
5240 6166
15524 8075
12020 3912
13752 2732
700 4133
19976 4815
8460 2515
14180 4180
2772 3217
16124 4148
7856 4616
2452 5953
8604 6130
6580 5514
14624 164
6132 8870
10628 3659
9596 9884
3624 3752
1176 3868
17476 6500
11964 5779
18540 9111
13676 5459
12172 335
2028 1905
8348 7790
19596 6797
3380 5443
9084 7943
13816 8166
18436 2846
16720 6366
5912 4321
17796 3708
6496 4108
17928 190
10996 6780
1576 2531
11152 8532
6148 7206
8012 9643
4388 1102
1420 4166
3280 8601
10492 7226
15028 761
18084 690
12296 1308
19432 6788
4780 1604
4460 6546
4196 9994
4068 3532
11788 7192
5976 7208
3112 4566
4052 4648
16472 5306
6952 6547
7504 2434
10100 7128
5968 1522
4660 7319
2448 656
19220 1271
5512 9200
11044 9071
16848 6035
680 8237
3904 1844
8380 9641
11696 4204
14712 5610
9356 7215
5520 1438
19836 9617
15372 7715
5580 7283
4676 9215
18300 8696
9428 7396
13072 3612
9440 7102
18780 2442
2384 8339
18148 4568
11388 2080
16884 2863
1444 7001
19916 4673
12372 896
10896 2693
4340 2670
5192 366
4156 2403
18000 3723
18868 4884
14644 7064
16044 980
18396 4283
5772 8649
600 4985
18284 1081
10840 8241
10956 6886
12600 5760
3612 1465
14104 9436
13532 6484
9964 3115
5700 7512
4636 4187
13120 2521
11120 4812
19540 9835
10140 3750
2704 8268
12680 4258
8796 6329
17880 8966
3452 3693
5300 8397
8376 8498
2180 8749
9232 5321
17828 7290
9564 9651
7812 7055
616 7062
5188 566
19444 175
17232 4630
10376 442
17956 4171
18096 6533
3432 7259
7692 3119
2476 8619
5688 564
17580 284
5356 4417
8300 6775
16580 4812
240 9207
13360 1929
14424 4039
9180 6815
7684 2351
19060 313
4756 4747
10720 7577
11708 3807
1656 9462
800 8395
3772 3659
18236 7148
17244 6622
9984 6100
9520 894
17236 2818
14364 1803
15864 2982
10652 5787
6792 674
7840 2506
6544 6100
4396 1235
16680 3935
12048 9817
432 3151
3044 3796
14132 8825
1536 5469
5560 180
12696 4504
7108 856
17984 1305
684 5219
15216 5065
17264 6522
19368 1024
3372 3399
1708 3853
16104 9002
8280 8253
5260 116
1180 9104
12704 9529
7932 5289
19196 5172
1088 2441
10404 4372
17400 3578
15228 3975
300 6084
1408 9752
4228 8915
14268 9366
12492 91
19924 8953
2108 4105
6548 7474
3684 8051
9400 7064
7008 1518
6848 5755
18488 3338
13252 6719
13148 8484
17944 1380
12948 86
160 5028
7992 9287
10160 2592
19748 7694
10280 109
7368 504
2408 6943
3740 1761
2548 5557
6356 5353
13212 3695
12736 8788
13472 4152
18820 9483
868 3726
14864 4942
15056 6908
7220 7967
1084 4186
1140 3656
7580 2423
11364 7263
7852 1161
14568 7282
12672 1773
6808 519
17976 623
17228 6589
18848 432
13208 9660
14836 4176
17708 8034
14816 3657
17988 7924
10000 2479
5916 3037
6864 3609
7744 2556
19472 5343
10696 7522
6112 7858
484 7915
19116 3802
1644 264
15564 5956
84 8310
6296 5702
4548 1188
256 2534
7192 5132
6116 9707
1904 5885
1684 7002
14336 9852
14812 2135
8048 8569
17608 7946
7020 2767
15272 1694
10308 174
3148 2639
17488 6560
15088 5893
18136 1527
3036 3762
7708 8746
13716 5244
9040 4878
16348 7726
19700 7726
6924 8929
17156 1603
208 4344
2200 3792
18708 5852
5072 2021
7036 5858
7728 7803
7336 5093
18924 3028
92 6334
13156 4059
8496 7845
7076 8021
1368 9324
9124 4272
18760 5830
16488 9106
1516 7028
9532 8412
18500 9078
9672 1515
5476 7294
12108 4746
15956 2403
9192 8443
16048 7289
14092 6512
12520 3760
13220 6823
1164 1999
11852 9360
10040 7712
1936 8767
18344 3624
3948 5742
15572 196
3092 8291
4500 9776
4980 3553
10772 8886
12112 475
14252 5086
19520 8192
17728 4420
10332 6842
2604 31
11640 2772
11740 6315
9524 7327
12264 1253
18624 2740
1468 5912
8960 4779
1692 1001
15952 2729
7304 3196
8696 2511
17696 1204
1604 1840
9696 3325
17360 3701
8056 9851
2584 4070
3704 3777
11904 8465
13872 148
8492 1587
8876 7522
16096 3232
14876 3136
5568 3133
11540 6988
17560 2740
16816 2651
19132 9984
1288 9163
6788 5291
11716 1440
11688 9262
7332 4797
2328 485
9484 1750
19204 7080
3756 948
15276 9756
16880 8613
15884 13
440 7681
2952 3160
5816 2217
7448 68
19996 3562
14352 1247
3564 1602
8736 2166
6976 5004
4664 786
6812 7716
9892 3577
19480 9575
6632 1154
1636 1148
1004 8526
12648 9702
5248 7168
7976 6966
18620 1795
19396 9828
19948 1732
4832 1407
4748 5337
2832 7240
11100 4621
6068 9689
12872 1969
15668 1964
15416 396
18076 6084
15600 5767
18204 7317
8312 6595
18640 774
15280 4077
16380 3358
1184 9919
3324 505
3144 2343
17124 8117
5448 1239
7236 7252
4816 5297
1620 4494
12060 1690
2900 8421
11916 6097
12440 25
18940 4523
9224 835
3232 2883
16208 6790
1984 5946
16968 8738
18664 2121
16152 8393
11992 8658
12496 4397
9092 3868
9796 117
8392 1269
11372 2978
2188 8841
14328 8146
5624 6164
5016 5208
15636 7332
12860 9568
812 7647
19108 5969
7472 5211
8776 6684
19136 1347
19068 3356
3944 7060
6660 8687
14588 8635
14904 7501
16532 2213
3912 7022
9120 8353
4268 7853
10760 7031
10952 860
18816 7886
14508 6035
5628 5709
15660 7273
7640 3232
7312 1099
16676 5265
1252 2848
7524 73
19760 846
11216 2147
1220 6935
18832 8643
13980 4341
3296 2683
16412 6537
6872 8652
13048 9823
12504 7978
14896 5184
12932 127
1780 3703
8520 3937
11228 7860
15520 1490
6612 3378
156 6436
16332 620
15172 6072
3152 7179
16384 733
5972 6762
19148 3623
19692 2700
920 5920
8488 797
10136 6896
5148 3184
16596 1491
8024 2474
3288 4442
8788 5234
368 3021
10200 4766
5436 7827
11704 9477
5236 944
5496 916
9884 1541
15944 9202
9740 408
5396 4904
17924 5939
16516 7719
15604 7316
13844 2379
13668 9225
14376 9454
11132 547
18904 3296
14692 5050
15256 8521
3896 1787
14704 8102
3260 5340
17912 3863
18952 368
4740 7542
10356 3640
5092 5252
880 1934
17296 1426
2280 926
5424 1412
1272 3267
7216 9561
12928 8275
13368 6281
4432 7793
1332 995
13728 4402
14672 4422
6556 7397
7876 4134
13972 5115
16972 7620
16084 5597
4552 1550
17220 6807
16136 6592
4788 4457
4404 1706
5340 1378
3964 7584
2876 7141
2856 3861
8908 5413
14732 9249
6444 1288
1296 1909
17272 4640
16760 1090
10148 5002
13432 2683
17412 5044
3636 8226
18200 2476
13572 3446
9036 5717
9028 9081
8284 2719
1908 313
12368 3105
3520 6544
12576 9608
8276 4187
1760 706
19884 7508
7072 7842
5372 9587
4136 9770
2440 4238
11304 1554
10616 1773
5612 4045
7328 7983
4684 277
496 2592
15340 1055
2368 7086
15496 696
2156 7961
12556 2516
17680 2695
10788 636
5788 33
17600 9905
14636 7038
6268 5305
3496 8824
11888 4738
1796 6749
18652 5330
19792 8531
7056 6109
3592 2171
16552 3338
6816 2394
8160 2371
10424 8892
8356 347
13604 7049
11548 8888
5156 1158
17852 2234
3800 5881
3396 6471
5736 248
6492 5260
11252 9591
6108 3678
1248 1433
316 6967
11400 4175
11624 7632
14156 4561
9184 9179
6884 9085
13324 7770
8340 350
13296 1508
13860 1386
14236 4485
11348 4768
13588 2364
6540 8189
8628 2655
14696 4146
17136 3849
17084 8764
10212 9387
16996 8350
19864 5793
3720 9292
19584 7037
2920 9132
17740 5718
16180 7183
19048 1801
13316 8787
14024 3613
14992 4668
3464 151
13592 7832
14968 4281
3576 8460
5368 6934
10920 1595
304 1187
13908 6238
6696 2231
11812 7826
12532 264
8760 2021
524 83
1384 5065
10116 483
19384 8330
10864 7957
16496 1158
4996 8343
4284 9077
18176 8839
9056 4136
13700 8594
18948 9655
6368 6410
1864 2065
4264 1808
1436 850
7092 977
13020 5503
9808 3353
6136 8509
2820 9232
5172 8252
11968 9447
2976 7737
17540 6207
4488 6840
4680 9674
9804 4584
14212 5703
9992 5164
13856 2004
14208 4219
136 1812
7620 7310
172 4389
1840 4612
1036 3562
7828 4014
5640 9768
6680 466
11248 838
14860 5281
736 780
16324 47
3660 6880
1260 2322
6088 1252
19008 2235
7288 796
16744 2871
14272 4856
15420 4918
14452 6219
19216 5505
13292 6589
1732 7624
11384 4193
4376 3762
18920 86
4952 8421
14404 2516
8704 5666
16872 5438
5316 123
6840 528
15476 7697
11268 6257
2936 6469
17312 9212
16536 8948
15468 3910
1596 9690
5472 3077
14540 5065
19040 4163
12588 1304
13376 1713
4420 5317
12164 9189
5364 7721
13344 3262
7944 8330
3924 4950
12396 8011
784 8929
6092 6025
15092 1317
17812 3036
1856 8184
6280 202
9328 9417
8064 6493
17168 9735
12972 2420
6620 3332
16564 1814
18872 6982
11764 938
19744 2867
1452 8869
2816 3815
6512 5694
19564 5112
18736 649
1568 9045
3052 9689
15992 8872
17824 6880
7660 2164
7160 409
10992 1148
17100 8698
3880 9069
16376 1454
3572 2989
1972 8780
14032 4037
19704 5135
3332 8713
164 3431
7752 3011
1120 3676
6592 2595
3936 5050
17732 5704
9116 8243
11652 4637
824 117
12004 1805
10812 8911
12744 6638
10984 6583
15308 8992
15732 3186
2304 7063
17184 2054
13060 154
15544 9919
19032 6380
16768 2025
18588 2726
908 9066
11244 993
19812 5227
13256 9946
6128 1342
9216 6586
3168 8224
9644 5289
18840 8645
11000 7327
18788 9921
9908 3825
5288 9026
13172 4640
6308 7918
13404 9311
9504 5641
6120 5421
7232 9592
2828 9957
14572 5688
14300 7100
1472 2171
14412 3234
9968 4218
7244 9753
14016 5457
13640 6320
2692 7791
5840 1711
17712 3531
3016 2933
2636 8089
8640 2169
16888 7180
12460 1238
8652 8160
13828 1561
8712 6977
16 8868
4504 3060
8432 6014
7276 5100
2972 9486
9480 3509
4932 9705
1196 4447
14440 1640
10564 5931
3164 582
9756 7187
5376 5964
