12.642978874910181 29226.097017102038
10.601665591490095 2829.2633742151415
14.620088691064328 7747.825819631417
0.0 20162.995541307453
9.01792660592732 7577.832021190719
1.0 11774.127223567377
3.82362245665865 4748.986156431712
1.7817974362806785 15333.110922794129
8.477857782354297 13746.155826266478
11.631293127556276 11097.556273266346
15.588457268119893 24306.37645610834
17.019013349242336 9508.890953620019
13.638706910080275 11962.243150582968
2.498049532966813 18482.30387994652
18.890020571222134 11191.780669189531
5.65685424949238 9022.967415908277
19.811563493367757 29407.208487172913
10.079368399158984 11583.375664240773
5.061140184796386 13296.839874298317
13.14272943615112 15121.427136718743
6.812920690579612 5012.351011835518
18.425881899582404 16429.521328243376
4.451018253542413 15837.416842643053
17.49046724646852 8530.933992082484
16.544932446050616 9554.070637123998
14.131102116005769 12837.711872524673
6.240251469155711 18249.785458538805
11.118864069488385 22958.088047086818
16.06811850700862 11737.648452399257
17.959392772949965 6536.294086695226
9.551598292097557 15840.80133416574
19.35188926688497 962.7407798682906
3.1748021039363987 2477.1312770669847
7.376107501639038 15758.563417102141
12.139244620058342 3096.2582711950467
7.930812913000375 11552.17086623269
15.105825261751086 13987.329472876623
