1 4216 
2 6549 
3 6459 
4 8867 
5 8392 
6 1683 
7 996 
8 2174 
9 2905 
10 5175 
11 7474 
12 4694 
13 4520 
14 4996 
15 2319 
16 9163 
17 1593 
18 3993 
19 7778 
20 3807 
21 8309 
22 467 
23 6333 
24 1168 
25 7520 
26 5051 
27 6016 
28 1301 
29 7050 
30 9725 
31 8720 
32 6583 
33 4529 
34 1811 
35 3910 
36 7941 
37 9866 
38 3788 
39 6435 
40 5027 
41 3430 
42 1038 
43 4388 
44 3188 
45 4795 
46 3607 
47 6077 
48 321 
49 9588 
50 7301 
51 8008 
52 4343 
53 6721 
54 5368 
55 6295 
56 737 
57 9461 
58 4410 
59 5095 
60 9206 
61 2141 
62 2206 
63 5491 
64 2533 
65 1491 
66 8469 
67 3456 
68 5028 
69 3869 
70 7030 
71 6133 
72 9367 
73 2814 
74 4367 
75 6083 
76 1186 
77 632 
78 9519 
79 6966 
80 7636 
81 473 
82 1750 
83 2994 
84 9306 
85 5756 
86 2815 
87 7231 
88 2037 
89 9182 
90 4999 
91 4761 
92 3020 
93 4040 
94 7335 
95 3935 
96 4360 
97 3472 
98 9571 
99 3000 
100 2720 
101 5260 
102 5131 
103 2197 
104 5407 
105 3677 
106 3904 
107 3082 
108 3150 
109 8437 
110 7680 
111 4903 
112 8266 
113 5357 
114 5971 
115 217 
116 513 
117 8957 
118 2973 
119 104 
120 5448 
121 7914 
122 6369 
123 5201 
124 2591 
125 4526 
126 6489 
127 9639 
128 6382 
129 9869 
130 9339 
131 82 
132 642 
133 7515 
134 1994 
135 8324 
136 7411 
137 3917 
138 2542 
139 1600 
140 7206 
141 8147 
142 4830 
143 336 
144 8625 
145 8601 
146 8298 
147 727 
148 9966 
149 5057 
150 4984 
151 3054 
152 7868 
153 2214 
154 7061 
155 8266 
156 9116 
157 6057 
158 3648 
159 7621 
160 225 
161 2673 
162 774 
163 2354 
164 1544 
165 4694 
166 9261 
167 3520 
168 1927 
169 711 
170 8236 
171 5218 
172 8530 
173 5956 
174 509 
175 4132 
176 3654 
177 2372 
178 2365 
179 1897 
180 9056 
181 5025 
182 4391 
183 6737 
184 779 
185 9219 
186 2736 
187 9022 
188 2857 
189 4494 
190 8911 
191 7989 
192 183 
193 2862 
194 4851 
195 4228 
196 8928 
197 6706 
198 1337 
199 771 
200 8394 
201 651 
202 4171 
203 7646 
204 8511 
205 1099 
206 116 
207 5129 
208 5358 
209 2047 
210 8179 
211 6219 
212 5908 
213 6206 
214 876 
215 7941 
216 6047 
217 3725 
218 1997 
219 6115 
220 1933 
221 1701 
222 9153 
223 5748 
224 4263 
225 4604 
226 421 
227 9065 
228 5100 
229 3774 
230 5919 
231 7696 
232 2644 
233 3859 
234 6793 
235 4173 
236 5718 
237 4048 
238 5543 
239 6973 
240 6607 
241 7579 
242 9411 
243 9934 
244 1795 
245 969 
246 7580 
247 8168 
248 9300 
249 5614 
250 4845 
251 8525 
252 4163 
253 7898 
254 7992 
255 7603 
256 4153 
257 8992 
258 957 
259 3561 
260 3381 
261 5132 
262 8328 
263 651 
264 3097 
265 7387 
266 8373 
267 4311 
268 5737 
269 729 
270 886 
271 4185 
272 2440 
273 1 
274 5704 
275 1578 
276 7299 
277 7854 
278 20 
279 4104 
280 3675 
281 4527 
282 8724 
283 363 
284 8709 
285 3655 
286 8895 
287 5876 
288 4413 
289 6064 
290 4923 
291 1998 
292 9624 
293 9790 
294 3867 
295 9103 
296 9918 
297 3946 
298 7287 
299 4446 
300 7110 
301 4615 
302 5083 
303 4416 
304 2034 
305 6934 
306 296 
307 8132 
308 5818 
309 1238 
310 4938 
311 9511 
312 1432 
313 2847 
314 1799 
315 2321 
316 4815 
317 7018 
318 3266 
319 5977 
320 3402 
321 8204 
322 9162 
323 8411 
324 1908 
325 1022 
326 4104 
327 4023 
328 4853 
329 294 
330 6717 
331 7360 
332 4738 
333 994 
334 1785 
335 7644 
336 3221 
337 7809 
338 1802 
339 2960 
340 501 
341 4831 
342 9323 
343 1238 
344 6315 
345 550 
346 5064 
347 3569 
348 3075 
349 2423 
350 9439 
351 3711 
352 9751 
353 9794 
354 3420 
355 4165 
356 5417 
357 4821 
358 5712 
359 849 
360 2312 
361 7000 
362 2035 
363 8868 
364 4353 
365 969 
366 6111 
367 5911 
368 2170 
369 9802 
370 3978 
371 4015 
372 9743 
373 4926 
374 2340 
375 3427 
376 7592 
377 965 
378 5771 
379 7027 
380 4887 
381 5822 
382 1910 
383 4704 
384 5468 
385 9369 
386 809 
387 3384 
388 1479 
389 5174 
390 6412 
391 5662 
392 9044 
393 3406 
394 2530 
395 8499 
396 8461 
397 2259 
398 8631 
399 9689 
400 3495 
401 1839 
402 3214 
403 163 
404 491 
405 4493 
406 920 
407 3532 
408 4816 
409 1147 
410 1934 
411 263 
412 2761 
413 8561 
414 9461 
415 1155 
416 5074 
417 9229 
418 6438 
419 827 
420 6826 
421 7001 
422 590 
423 1000 
424 8019 
425 697 
426 2787 
427 3852 
428 5541 
429 204 
430 872 
431 9167 
432 2495 
433 7623 
434 424 
435 5550 
436 7356 
437 1171 
438 2186 
439 1126 
440 705 
441 821 
442 8931 
443 5231 
444 5578 
445 3702 
446 2452 
447 5729 
448 2908 
449 6748 
450 9875 
451 5353 
452 2862 
453 5792 
454 5396 
455 3410 
456 3852 
457 5795 
458 1121 
459 2578 
460 4611 
461 4445 
462 1173 
463 4541 
464 8183 
465 9036 
466 2064 
467 7210 
468 950 
469 5782 
470 5227 
471 9830 
472 5226 
473 8871 
474 5731 
475 1748 
476 5884 
477 312 
478 8919 
479 8497 
480 8185 
481 9002 
482 5771 
483 6953 
484 8766 
485 9326 
486 6164 
487 9697 
488 4203 
489 9078 
490 8817 
491 3039 
492 7046 
493 8779 
494 9313 
495 6658 
496 5945 
497 1460 
498 8436 
499 2917 
500 5145 
501 9511 
502 3806 
503 8864 
504 7422 
505 7396 
506 6726 
507 1904 
508 2274 
509 7692 
510 6679 
511 179 
512 678 
513 497 
514 5457 
515 3071 
516 5373 
517 3717 
518 8556 
519 1772 
520 2158 
521 3391 
522 2195 
523 1187 
524 1586 
525 9657 
526 9344 
527 4104 
528 4117 
529 442 
530 1142 
531 5362 
532 3197 
533 6039 
534 3781 
535 1893 
536 727 
537 3249 
538 5486 
539 7960 
540 7003 
541 6457 
542 6243 
543 9297 
544 735 
545 8748 
546 4260 
547 8840 
548 5401 
549 4659 
550 3791 
551 7365 
552 7061 
553 1761 
554 1704 
555 9908 
556 2483 
557 3965 
558 4068 
559 2659 
560 1761 
561 9448 
562 8134 
563 407 
564 1919 
565 3429 
566 3427 
567 2006 
568 8379 
569 6623 
570 925 
571 8717 
572 1285 
573 6164 
574 3467 
575 3859 
576 7062 
577 4807 
578 3153 
579 2972 
580 5410 
581 5827 
582 484 
583 2745 
584 506 
585 5980 
586 4230 
587 3158 
588 5348 
589 4168 
590 4847 
591 8584 
592 7085 
593 1806 
594 2360 
595 1613 
596 8338 
597 4726 
598 5251 
599 9668 
600 1113 
601 8636 
602 6942 
603 432 
604 1412 
605 4213 
606 6452 
607 9313 
608 6942 
609 7116 
610 4237 
611 2588 
612 655 
613 5952 
614 9922 
615 6693 
616 2522 
617 8125 
618 1792 
619 8618 
620 6294 
621 9891 
622 4989 
623 7967 
624 5744 
625 5988 
626 4220 
627 8546 
628 4324 
629 4524 
630 6791 
631 6979 
632 8862 
633 7840 
634 8468 
635 2576 
636 6060 
637 5556 
638 5474 
639 4327 
640 2629 
641 943 
642 6946 
643 664 
644 4908 
645 7879 
646 4069 
647 6357 
648 2191 
649 4971 
650 7927 
651 30 
652 8530 
653 7092 
654 4483 
655 5472 
656 5505 
657 6734 
658 102 
659 8088 
660 1326 
661 2727 
662 3316 
663 390 
664 2830 
665 6873 
666 3493 
667 812 
668 7971 
669 9933 
670 393 
671 3238 
672 5220 
673 7790 
674 9546 
675 7974 
676 8267 
677 7300 
678 8485 
679 7835 
680 3772 
681 7675 
682 611 
683 6438 
684 7898 
685 3688 
686 6904 
687 352 
688 8925 
689 9225 
690 3097 
691 125 
692 4372 
693 3216 
694 2279 
695 401 
696 8641 
697 1692 
698 9595 
699 6380 
700 8124 
701 9072 
702 2081 
703 5388 
704 3814 
705 9231 
706 5750 
707 9956 
708 7239 
709 7751 
710 4141 
711 2652 
712 1499 
713 8689 
714 3860 
715 6644 
716 3618 
717 9396 
718 9524 
719 7140 
720 1329 
721 8766 
722 569 
723 7646 
724 8734 
725 8420 
726 8035 
727 8921 
728 3616 
729 704 
730 9131 
731 925 
732 7112 
733 9432 
734 6468 
735 375 
736 1345 
737 8709 
738 3159 
739 1308 
740 3627 
741 275 
742 3033 
743 9485 
744 7736 
745 1404 
746 1714 
747 4363 
748 4393 
749 6095 
750 1544 
751 9261 
752 2901 
753 5279 
754 2932 
755 5977 
756 2056 
757 6209 
758 5776 
759 3761 
760 8856 
761 3795 
762 5399 
763 9688 
764 8547 
765 2615 
766 5779 
767 6269 
768 9810 
769 3437 
770 2595 
771 1897 
772 7735 
773 8290 
774 7933 
775 7346 
776 2918 
777 600 
778 4565 
779 7606 
780 9576 
781 2589 
782 8170 
783 1673 
784 9179 
785 2047 
786 2342 
787 2638 
788 7178 
789 8240 
790 9313 
791 581 
792 8223 
793 7378 
794 3660 
795 3020 
796 8871 
797 8076 
798 6395 
799 7018 
800 4790 
801 2374 
802 2479 
803 9225 
804 5870 
805 6934 
806 923 
807 2764 
808 2882 
809 8023 
810 563 
811 4073 
812 1572 
813 5324 
814 7942 
815 5339 
816 7044 
817 9673 
818 2800 
819 1121 
820 8600 
821 2877 
822 4441 
823 4368 
824 2682 
825 1118 
826 704 
827 4323 
828 1407 
829 6228 
830 716 
831 504 
832 1531 
833 8712 
834 803 
835 4445 
836 912 
837 8636 
838 3479 
839 4584 
840 7579 
841 3624 
842 9040 
843 3398 
844 9165 
845 5442 
846 9021 
847 7392 
848 6806 
849 6470 
850 9741 
851 9040 
852 7328 
853 4449 
854 9455 
855 1783 
856 5711 
857 5386 
858 7258 
859 7920 
860 7818 
861 2775 
862 4896 
863 3692 
864 4878 
865 3563 
866 150 
867 4710 
868 9193 
869 5336 
870 6077 
871 1536 
872 1546 
873 5555 
874 8823 
875 1245 
876 2108 
877 638 
878 6751 
879 2281 
880 6543 
881 3701 
882 1365 
883 4232 
884 6146 
885 6739 
886 9661 
887 1262 
888 2071 
889 6929 
890 7413 
891 1601 
892 9058 
893 2988 
894 8459 
895 4419 
896 5205 
897 6450 
898 2170 
899 2220 
900 4359 
901 91 
902 5368 
903 1464 
904 2866 
905 1519 
906 3751 
907 7004 
908 7502 
909 8225 
910 3060 
911 6157 
912 4934 
913 357 
914 3064 
915 6879 
916 4175 
917 2096 
918 6977 
919 1120 
920 8730 
921 8050 
922 9218 
923 2140 
924 7851 
925 6507 
926 3776 
927 5747 
928 6008 
929 9093 
930 9291 
931 3379 
932 2847 
933 59 
934 1206 
935 1760 
936 3589 
937 5695 
938 838 
939 947 
940 2499 
941 4838 
942 3735 
943 3658 
944 4632 
945 1088 
946 8812 
947 5047 
948 5905 
949 1884 
950 5880 
951 4267 
952 830 
953 3473 
954 4868 
955 7469 
956 7842 
957 8404 
958 9401 
959 7277 
960 4880 
961 5454 
962 1432 
963 8527 
964 4020 
965 9058 
966 5687 
967 1904 
968 7572 
969 396 
970 9068 
971 8035 
972 7520 
973 8515 
974 1786 
975 4567 
976 1843 
977 4892 
978 7021 
979 5380 
980 6131 
981 4949 
982 1532 
983 628 
984 5049 
985 2422 
986 7059 
987 5741 
988 5656 
989 2302 
990 5557 
991 7583 
992 4416 
993 1905 
994 7927 
995 6080 
996 1723 
997 9244 
998 8849 
999 696 
1000 3271 
1001 6206 
1002 280 
1003 2979 
1004 358 
1005 9909 
1006 1675 
1007 9853 
1008 2707 
1009 6478 
1010 7882 
1011 9277 
1012 5349 
1013 4647 
1014 1808 
1015 2431 
1016 1430 
1017 3531 
1018 6672 
1019 2848 
1020 3284 
1021 7987 
1022 9818 
1023 7485 
1024 4834 
1025 4271 
1026 5786 
1027 8209 
1028 6710 
1029 7663 
1030 4434 
1031 5235 
1032 4017 
1033 2940 
1034 9769 
1035 2166 
1036 2191 
1037 7589 
1038 9588 
1039 2402 
1040 3552 
1041 858 
1042 4684 
1043 515 
1044 5027 
1045 3298 
1046 9526 
1047 6914 
1048 710 
1049 9993 
1050 1005 
1051 5374 
1052 4441 
1053 1878 
1054 7081 
1055 2218 
1056 9131 
1057 8914 
1058 2902 
1059 6483 
1060 5817 
1061 304 
1062 4569 
1063 2160 
1064 498 
1065 678 
1066 1807 
1067 7852 
1068 6338 
1069 4349 
1070 2508 
1071 9076 
1072 4706 
1073 4520 
1074 8189 
1075 7303 
1076 8160 
1077 7562 
1078 8278 
1079 3764 
1080 2494 
1081 4035 
1082 5808 
1083 5160 
1084 1872 
1085 2669 
1086 7295 
1087 8139 
1088 4511 
1089 5850 
1090 5577 
1091 7217 
1092 8561 
1093 7525 
1094 3761 
1095 4797 
1096 4265 
1097 1101 
1098 3772 
1099 1234 
1100 1521 
1101 1705 
1102 5398 
1103 2113 
1104 5637 
1105 5316 
1106 5245 
1107 5575 
1108 7792 
1109 3206 
1110 5839 
1111 2437 
1112 773 
1113 7298 
1114 1697 
1115 6545 
1116 6539 
1117 4625 
1118 8429 
1119 5335 
1120 4357 
1121 4581 
1122 6839 
1123 2487 
1124 9235 
1125 9775 
1126 3059 
1127 7907 
1128 6821 
1129 978 
1130 3844 
1131 7334 
1132 5083 
1133 75 
1134 449 
1135 2959 
1136 3059 
1137 1187 
1138 1549 
1139 4992 
1140 230 
1141 6689 
1142 1481 
1143 4414 
1144 1969 
1145 9081 
1146 4030 
1147 799 
1148 64 
1149 8827 
1150 3822 
1151 7032 
1152 8738 
1153 2208 
1154 2491 
1155 9610 
1156 634 
1157 8267 
1158 8248 
1159 4186 
1160 6577 
1161 455 
1162 8351 
1163 7932 
1164 9365 
1165 7318 
1166 785 
1167 3239 
1168 9853 
1169 9214 
1170 9673 
1171 276 
1172 986 
1173 3584 
1174 7647 
1175 287 
1176 1953 
1177 2794 
1178 2601 
1179 8920 
1180 7304 
1181 7557 
1182 49 
1183 5429 
1184 6608 
1185 7541 
1186 9117 
1187 5336 
1188 3131 
1189 4746 
1190 1241 
1191 5049 
1192 8226 
1193 4833 
1194 7144 
1195 1603 
1196 575 
1197 4456 
1198 4051 
1199 1228 
1200 5916 
1201 9415 
1202 2567 
1203 2633 
1204 5296 
1205 7653 
1206 7637 
1207 5670 
1208 1406 
1209 117 
1210 6348 
1211 289 
1212 5229 
1213 5129 
1214 1385 
1215 2406 
1216 8954 
1217 1075 
1218 1541 
1219 1456 
1220 7563 
1221 9016 
1222 7205 
1223 8764 
1224 8478 
1225 7401 
1226 6726 
1227 1474 
1228 4858 
1229 1672 
1230 140 
1231 4798 
1232 4125 
1233 9704 
1234 1363 
1235 4101 
1236 3025 
1237 5531 
1238 8420 
1239 5145 
1240 9055 
1241 6033 
1242 4556 
1243 3737 
1244 4489 
1245 3552 
1246 4546 
1247 2456 
1248 7856 
1249 8342 
1250 5472 
1251 7591 
1252 3303 
1253 4804 
1254 5207 
1255 7534 
1256 826 
1257 9298 
1258 2091 
1259 8453 
1260 5003 
1261 6516 
1262 4208 
1263 3973 
1264 4910 
1265 3281 
1266 5764 
1267 9982 
1268 2020 
1269 3171 
1270 2385 
1271 6450 
1272 9793 
1273 5251 
1274 8260 
1275 334 
1276 3088 
1277 853 
1278 8605 
1279 7242 
1280 8372 
1281 8124 
1282 1345 
1283 5138 
1284 6084 
1285 8884 
1286 7600 
1287 3183 
1288 9872 
1289 1157 
1290 6848 
1291 8178 
1292 168 
1293 8251 
1294 5277 
1295 5479 
1296 4766 
1297 565 
1298 365 
1299 4134 
1300 2000 
1301 657 
1302 1227 
1303 6112 
1304 5561 
1305 4899 
1306 3474 
1307 9958 
1308 6193 
1309 943 
1310 6165 
1311 9300 
1312 7167 
1313 8910 
1314 140 
1315 115 
1316 7822 
1317 3034 
1318 1916 
1319 4181 
1320 3227 
1321 9647 
1322 9025 
1323 1272 
1324 9220 
1325 8396 
1326 8092 
1327 158 
1328 9468 
1329 122 
1330 4495 
1331 2995 
1332 4307 
1333 1004 
1334 6473 
1335 1377 
1336 6987 
1337 4264 
1338 2454 
1339 4416 
1340 8885 
1341 7720 
1342 6933 
1343 9586 
1344 5963 
1345 3665 
1346 3713 
1347 5563 
1348 9994 
1349 4903 
1350 59 
1351 8119 
1352 7918 
1353 4048 
1354 3842 
1355 8761 
1356 1411 
1357 2154 
1358 8356 
1359 7826 
1360 3593 
1361 8326 
1362 1238 
1363 9541 
1364 1023 
1365 5961 
1366 8497 
1367 3694 
1368 3076 
1369 7293 
1370 768 
1371 4741 
1372 581 
1373 4482 
1374 915 
1375 3777 
1376 2708 
1377 9743 
1378 9199 
1379 1849 
1380 1437 
1381 9990 
1382 2712 
1383 3807 
1384 9278 
1385 944 
1386 8149 
1387 4964 
1388 5982 
1389 4047 
1390 179 
1391 4146 
1392 3132 
1393 4016 
1394 6197 
1395 7282 
1396 775 
1397 1771 
1398 4530 
1399 9976 
1400 2801 
1401 9842 
1402 8559 
1403 4044 
1404 4211 
1405 1620 
1406 6163 
1407 5708 
1408 3951 
1409 9135 
1410 9767 
1411 2109 
1412 791 
1413 5920 
1414 3516 
1415 5382 
1416 3206 
1417 4219 
1418 5890 
1419 862 
1420 2384 
1421 3017 
1422 563 
1423 6286 
1424 1084 
1425 7511 
1426 8122 
1427 95 
1428 1251 
1429 5876 
1430 4678 
1431 6266 
1432 6236 
1433 6267 
1434 247 
1435 483 
1436 9823 
1437 8317 
1438 6083 
1439 9915 
1440 6436 
1441 5827 
1442 1719 
1443 8648 
1444 2187 
1445 9581 
1446 9657 
1447 32 
1448 4702 
1449 1669 
1450 2493 
1451 7551 
1452 8047 
1453 3805 
1454 2216 
1455 300 
1456 8343 
1457 7294 
1458 7491 
1459 5548 
1460 1710 
1461 8929 
1462 7447 
1463 4502 
1464 7065 
1465 4739 
1466 182 
1467 465 
1468 5120 
1469 5847 
1470 4801 
1471 459 
1472 6506 
1473 3034 
1474 4183 
1475 7016 
1476 6509 
1477 8175 
1478 4320 
1479 3036 
1480 232 
1481 4568 
1482 5076 
1483 3363 
1484 697 
1485 1706 
1486 7448 
1487 4746 
1488 8720 
1489 4080 
1490 6475 
1491 1046 
1492 1521 
1493 6761 
1494 7207 
1495 6857 
1496 8128 
1497 7899 
1498 3482 
1499 6933 
1500 7153 
1501 2524 
1502 4105 
1503 6812 
1504 7794 
1505 9160 
1506 3405 
1507 8024 
1508 6474 
1509 9022 
1510 4328 
1511 8552 
1512 8716 
1513 6097 
1514 2420 
1515 8649 
1516 258 
1517 9688 
1518 4908 
1519 7961 
1520 8355 
1521 8722 
1522 1251 
1523 6024 
1524 5958 
1525 8321 
1526 6603 
1527 3677 
1528 7857 
1529 9706 
1530 5420 
1531 6817 
1532 1341 
1533 8869 
1534 8508 
1535 4524 
1536 9764 
1537 7205 
1538 7736 
1539 99 
1540 1390 
1541 9241 
1542 6130 
1543 486 
1544 5008 
1545 7082 
1546 6103 
1547 8115 
1548 28 
1549 2991 
1550 4878 
1551 5282 
1552 6140 
1553 9462 
1554 6497 
1555 9344 
1556 6816 
1557 3222 
1558 5331 
1559 9381 
1560 5324 
1561 6531 
1562 3583 
1563 6575 
1564 8430 
1565 7198 
1566 2817 
1567 5304 
1568 7717 
1569 8149 
1570 201 
1571 7117 
1572 5338 
1573 9154 
1574 5701 
1575 2619 
1576 6546 
1577 7917 
1578 2286 
1579 8767 
1580 519 
1581 3801 
1582 3383 
1583 7047 
1584 6356 
1585 3475 
1586 4898 
1587 7789 
1588 9204 
1589 5352 
1590 4234 
1591 4544 
1592 6409 
1593 2337 
1594 4907 
1595 2958 
1596 9868 
1597 5698 
1598 6788 
1599 92 
1600 762 
1601 6088 
1602 8727 
1603 8206 
1604 7524 
1605 6254 
1606 7812 
1607 548 
1608 5585 
1609 5233 
1610 4449 
1611 1287 
1612 379 
1613 7392 
1614 3967 
1615 7739 
1616 2916 
1617 8655 
1618 389 
1619 1400 
1620 4353 
1621 1439 
1622 9646 
1623 5259 
1624 4107 
1625 4087 
1626 9606 
1627 4181 
1628 5693 
1629 4887 
1630 9971 
1631 9228 
1632 2924 
1633 4193 
1634 866 
1635 8188 
1636 6099 
1637 7473 
1638 5596 
1639 7396 
1640 6419 
1641 9337 
1642 8778 
1643 2432 
1644 8196 
1645 5513 
1646 8291 
1647 7556 
1648 2594 
1649 9571 
1650 3956 
1651 1335 
1652 8486 
1653 3377 
1654 4903 
1655 3331 
1656 5719 
1657 5557 
1658 1153 
1659 9744 
1660 5310 
1661 9981 
1662 5702 
1663 4082 
1664 5494 
1665 8686 
1666 3367 
1667 8796 
1668 4768 
1669 9387 
1670 465 
1671 4922 
1672 6969 
1673 5583 
1674 2230 
1675 4641 
1676 9488 
1677 1533 
1678 2149 
1679 3823 
1680 8299 
1681 6167 
1682 7672 
1683 1554 
1684 5710 
1685 9009 
1686 6523 
1687 623 
1688 6015 
1689 1533 
1690 7503 
1691 6595 
1692 582 
1693 1260 
1694 925 
1695 4804 
1696 7900 
1697 5290 
1698 673 
1699 7463 
1700 5385 
1701 9570 
1702 518 
1703 7715 
1704 2393 
1705 7024 
1706 8115 
1707 8633 
1708 3641 
1709 4851 
1710 527 
1711 7464 
1712 5754 
1713 9703 
1714 8930 
1715 1203 
1716 3608 
1717 4518 
1718 8651 
1719 6149 
1720 3093 
1721 9084 
1722 2402 
1723 2630 
1724 406 
1725 5796 
1726 6613 
1727 4382 
1728 8847 
1729 6269 
1730 3819 
1731 8928 
1732 9865 
1733 6685 
1734 3716 
1735 9255 
1736 7536 
1737 7368 
1738 6546 
1739 6609 
1740 2222 
1741 906 
1742 9727 
1743 822 
1744 5003 
1745 1678 
1746 9631 
1747 8435 
1748 6823 
1749 3870 
1750 8892 
1751 2051 
1752 1517 
1753 2816 
1754 9599 
1755 2766 
1756 3890 
1757 6574 
1758 2281 
1759 5857 
1760 8661 
1761 3301 
1762 3663 
1763 7071 
1764 6108 
1765 4813 
1766 858 
1767 3960 
1768 7841 
1769 8020 
1770 2832 
1771 7740 
1772 8370 
1773 976 
1774 3527 
1775 1776 
1776 8890 
1777 855 
1778 829 
1779 9956 
1780 2458 
1781 928 
1782 8183 
1783 8036 
1784 8327 
1785 8411 
1786 9450 
1787 5749 
1788 4378 
1789 4510 
1790 408 
1791 2389 
1792 8351 
1793 6570 
1794 3245 
1795 8718 
1796 3560 
1797 1132 
1798 5131 
1799 6280 
1800 1865 
1801 4429 
1802 3349 
1803 1577 
1804 9560 
1805 7966 
1806 9187 
1807 2729 
1808 9591 
1809 7251 
1810 4829 
1811 9752 
1812 8444 
1813 2923 
1814 6906 
1815 8711 
1816 2086 
1817 9558 
1818 2970 
1819 5099 
1820 1087 
1821 9770 
1822 795 
1823 6645 
1824 7851 
1825 5054 
1826 3195 
1827 1598 
1828 1098 
1829 4234 
1830 5136 
1831 3395 
1832 7982 
1833 4796 
1834 5092 
1835 9611 
1836 3958 
1837 2585 
1838 5237 
1839 9342 
1840 228 
1841 1548 
1842 503 
1843 1798 
1844 7088 
1845 8822 
1846 3853 
1847 1332 
1848 7717 
1849 7104 
1850 2472 
1851 815 
1852 8550 
1853 2245 
1854 9263 
1855 2414 
1856 43 
1857 2811 
1858 1690 
1859 8954 
1860 8982 
1861 4217 
1862 67 
1863 242 
1864 47 
1865 6805 
1866 2166 
1867 8208 
1868 5210 
1869 2172 
1870 8130 
1871 4340 
1872 1165 
1873 4537 
1874 4745 
1875 9234 
1876 2433 
1877 6831 
1878 5005 
1879 9240 
1880 4765 
1881 72 
1882 7356 
1883 4978 
1884 7504 
1885 5023 
1886 9480 
1887 2869 
1888 4698 
1889 2180 
1890 1001 
1891 4330 
1892 3215 
1893 7680 
1894 2366 
1895 2422 
1896 618 
1897 2381 
1898 2206 
1899 8227 
1900 852 
1901 6393 
1902 5133 
1903 6846 
1904 220 
1905 7309 
1906 5097 
1907 7918 
1908 2885 
1909 1999 
1910 3231 
1911 8993 
1912 567 
1913 2528 
1914 2447 
1915 2163 
1916 1816 
1917 2905 
1918 8925 
1919 798 
1920 6246 
1921 2350 
1922 7969 
1923 3118 
1924 3187 
1925 2195 
1926 8568 
1927 8745 
1928 9298 
1929 8845 
1930 9841 
1931 439 
1932 7802 
1933 9286 
1934 3274 
1935 6071 
1936 2555 
1937 1905 
1938 3010 
1939 6091 
1940 7392 
1941 2790 
1942 4206 
1943 1968 
1944 6134 
1945 9411 
1946 979 
1947 8942 
1948 7886 
1949 4113 
1950 8607 
1951 1950 
1952 5804 
1953 7054 
1954 8676 
1955 299 
1956 3846 
1957 4013 
1958 1078 
1959 2575 
1960 2505 
1961 4596 
1962 4717 
1963 1160 
1964 4615 
1965 8912 
1966 7959 
1967 1581 
1968 3779 
1969 4133 
1970 3630 
1971 607 
1972 1796 
1973 7019 
1974 5964 
1975 4612 
1976 3250 
1977 2236 
1978 6109 
1979 8015 
1980 737 
1981 8861 
1982 3628 
1983 5288 
1984 2616 
1985 7286 
1986 8329 
1987 198 
1988 7369 
1989 4404 
1990 735 
1991 9631 
1992 9158 
1993 2067 
1994 6965 
1995 1448 
1996 8907 
1997 5341 
1998 9286 
1999 4788 
2000 3549 
2001 9859 
2002 2227 
2003 9642 
2004 3388 
2005 7848 
2006 2473 
2007 2788 
2008 2632 
2009 9410 
2010 8144 
2011 1771 
2012 8568 
2013 9606 
2014 9850 
2015 8811 
2016 6492 
2017 6528 
2018 2941 
2019 4448 
2020 1830 
2021 2328 
2022 5449 
2023 5918 
2024 9094 
2025 3936 
2026 6783 
2027 2172 
2028 482 
2029 4544 
2030 4321 
2031 7475 
2032 3640 
2033 4824 
2034 8407 
2035 3453 
2036 6089 
2037 6841 
2038 5999 
2039 3221 
2040 2370 
2041 2134 
2042 9657 
2043 8198 
2044 6304 
2045 256 
2046 7426 
2047 1110 
2048 7541 
2049 3453 
2050 2344 
2051 7489 
2052 7221 
2053 7466 
2054 6248 
2055 4936 
2056 5440 
2057 8249 
2058 3469 
2059 289 
2060 8743 
2061 2971 
2062 5704 
2063 4123 
2064 6324 
2065 8044 
2066 6241 
2067 6747 
2068 2790 
2069 4186 
2070 8252 
2071 2718 
2072 3351 
2073 4708 
2074 4855 
2075 6774 
2076 8548 
2077 3528 
2078 6594 
2079 3735 
2080 6647 
2081 5984 
2082 8394 
2083 8492 
2084 1419 
2085 349 
2086 1808 
2087 7789 
2088 3710 
2089 346 
2090 552 
2091 6676 
2092 6108 
2093 121 
2094 8497 
2095 9640 
2096 6563 
2097 5935 
2098 1268 
2099 2383 
2100 8251 
2101 9935 
2102 483 
2103 4988 
2104 2823 
2105 2228 
2106 3345 
2107 5682 
2108 6013 
2109 6441 
2110 5742 
2111 1997 
2112 2620 
2113 5571 
2114 872 
2115 2514 
2116 3154 
2117 8246 
2118 8069 
2119 5664 
2120 6226 
2121 5152 
2122 796 
2123 1586 
2124 7844 
2125 5850 
2126 3421 
2127 7370 
2128 9962 
2129 7343 
2130 3936 
2131 2524 
2132 5020 
2133 1844 
2134 9373 
2135 8224 
2136 3468 
2137 7531 
2138 9581 
2139 4579 
2140 4021 
2141 7629 
2142 4125 
2143 738 
2144 1392 
2145 8495 
2146 7945 
2147 7013 
2148 6212 
2149 4682 
2150 1311 
2151 6129 
2152 7403 
2153 7560 
2154 9607 
2155 3953 
2156 3393 
2157 2654 
2158 1146 
2159 8788 
2160 2168 
2161 2069 
2162 6760 
2163 8159 
2164 2459 
2165 4445 
2166 5309 
2167 3604 
2168 4614 
2169 7981 
2170 7512 
2171 5440 
2172 6353 
2173 2161 
2174 2510 
2175 51 
2176 5665 
2177 3380 
2178 6976 
2179 2344 
2180 9984 
2181 2993 
2182 4636 
2183 67 
2184 2165 
2185 3286 
2186 1037 
2187 5516 
2188 2740 
2189 4655 
2190 2020 
2191 1356 
2192 463 
2193 1225 
2194 6683 
2195 2004 
2196 1208 
2197 5233 
2198 6343 
2199 6328 
2200 1572 
2201 6900 
2202 1255 
2203 4320 
2204 2390 
2205 3932 
2206 3804 
2207 8020 
2208 5700 
2209 5709 
2210 6052 
2211 224 
2212 8417 
2213 4389 
2214 3735 
2215 239 
2216 8446 
2217 2382 
2218 6675 
2219 7521 
2220 124 
2221 3626 
2222 821 
2223 9271 
2224 8330 
2225 638 
2226 103 
2227 5412 
2228 7882 
2229 5545 
2230 5881 
2231 7512 
2232 566 
2233 6929 
2234 6439 
2235 2028 
2236 2505 
2237 5888 
2238 9738 
2239 9409 
2240 4778 
2241 5068 
2242 6422 
2243 2348 
2244 4204 
2245 8347 
2246 2789 
2247 1407 
2248 2803 
2249 167 
2250 6776 
2251 410 
2252 6462 
2253 4083 
2254 6545 
2255 2834 
2256 3010 
2257 9080 
2258 8864 
2259 5716 
2260 4877 
2261 9218 
2262 2407 
2263 7779 
2264 4135 
2265 9632 
2266 4011 
2267 7042 
2268 5782 
2269 459 
2270 5151 
2271 7942 
2272 567 
2273 3867 
2274 1412 
2275 9649 
2276 9175 
2277 5892 
2278 7336 
2279 8242 
2280 8352 
2281 4271 
2282 7632 
2283 1010 
2284 4135 
2285 6321 
2286 9070 
2287 9648 
2288 4565 
2289 2307 
2290 256 
2291 53 
2292 9638 
2293 1863 
2294 7814 
2295 6814 
2296 9178 
2297 1700 
2298 8442 
2299 2979 
2300 9547 
2301 4414 
2302 8757 
2303 8255 
2304 6585 
2305 472 
2306 834 
2307 691 
2308 5320 
2309 4482 
2310 9683 
2311 6858 
2312 6391 
2313 348 
2314 666 
2315 1174 
2316 1559 
2317 9929 
2318 5675 
2319 2483 
2320 242 
2321 2648 
2322 3122 
2323 7073 
2324 8652 
2325 3625 
2326 437 
2327 5725 
2328 5936 
2329 3931 
2330 8983 
2331 2978 
2332 9416 
2333 1071 
2334 1397 
2335 1693 
2336 7835 
2337 2009 
2338 9713 
2339 7214 
2340 5704 
2341 1610 
2342 3870 
2343 9406 
2344 5942 
2345 1786 
2346 6141 
2347 9646 
2348 5924 
2349 9508 
2350 7063 
2351 365 
2352 12 
2353 9048 
2354 3547 
2355 3408 
2356 6572 
2357 7395 
2358 9660 
2359 4017 
2360 7101 
2361 5247 
2362 2595 
2363 6877 
2364 2002 
2365 8327 
2366 7641 
2367 2021 
2368 847 
2369 1969 
2370 3508 
2371 1749 
2372 3544 
2373 7774 
2374 9779 
2375 1377 
2376 5640 
2377 7733 
2378 6928 
2379 7748 
2380 893 
2381 7326 
2382 1524 
2383 8411 
2384 256 
2385 497 
2386 207 
2387 5591 
2388 7673 
2389 7464 
2390 8200 
2391 9650 
2392 1390 
2393 6529 
2394 5504 
2395 1877 
2396 2943 
2397 3381 
2398 4373 
2399 9883 
2400 8602 
2401 825 
2402 3312 
2403 6175 
2404 6973 
2405 3848 
2406 8092 
2407 4612 
2408 7562 
2409 9057 
2410 3026 
2411 5288 
2412 1487 
2413 9393 
2414 6448 
2415 5843 
2416 774 
2417 8527 
2418 1514 
2419 37 
2420 9326 
2421 8583 
2422 589 
2423 6086 
2424 3324 
2425 3670 
2426 5959 
2427 4015 
2428 8474 
2429 1988 
2430 7359 
2431 6762 
2432 5806 
2433 2818 
2434 3917 
2435 407 
2436 558 
2437 6516 
2438 1844 
2439 7186 
2440 4680 
2441 2046 
2442 7711 
2443 4637 
2444 3216 
2445 5680 
2446 8134 
2447 7652 
2448 6614 
2449 116 
2450 9127 
2451 4583 
2452 3352 
2453 5817 
2454 1033 
2455 3234 
2456 3299 
2457 7165 
2458 8448 
2459 4414 
2460 6790 
2461 8673 
2462 6393 
2463 8021 
2464 135 
2465 7335 
2466 1733 
2467 1944 
2468 9937 
2469 1650 
2470 5306 
2471 1540 
2472 4521 
2473 3576 
2474 1015 
2475 6163 
2476 24 
2477 3824 
2478 866 
2479 9269 
2480 1569 
2481 9603 
2482 4689 
2483 3563 
2484 1046 
2485 6897 
2486 6199 
2487 506 
2488 7216 
2489 1864 
2490 5916 
2491 3114 
2492 4217 
2493 8846 
2494 7629 
2495 6273 
2496 6099 
2497 7427 
2498 5163 
2499 5652 
2500 2478 
2501 8868 
2502 7459 
2503 4119 
2504 9161 
2505 6102 
2506 1964 
2507 5471 
2508 1411 
2509 3526 
2510 7711 
2511 685 
2512 2397 
2513 9207 
2514 7245 
2515 3841 
2516 1587 
2517 7765 
2518 89 
2519 252 
2520 7482 
2521 3673 
2522 5153 
2523 7826 
2524 7605 
2525 7127 
2526 6345 
2527 2949 
2528 6238 
2529 482 
2530 1814 
2531 3758 
2532 1442 
2533 4360 
2534 6895 
2535 3749 
2536 4432 
2537 5001 
2538 7502 
2539 9598 
2540 2591 
2541 5348 
2542 1267 
2543 2401 
2544 7550 
2545 482 
2546 8438 
2547 7853 
2548 3418 
2549 4712 
2550 4765 
2551 3035 
2552 132 
2553 9386 
2554 8287 
2555 9606 
2556 7014 
2557 5407 
2558 3211 
2559 4967 
2560 6272 
2561 5094 
2562 9314 
2563 7945 
2564 5963 
2565 1660 
2566 3593 
2567 5567 
2568 6728 
2569 1805 
2570 108 
2571 4736 
2572 6378 
2573 7507 
2574 9115 
2575 1986 
2576 6158 
2577 173 
2578 5606 
2579 1462 
2580 8805 
2581 3074 
2582 88 
2583 6841 
2584 5525 
2585 948 
2586 7494 
2587 7122 
2588 5423 
2589 3639 
2590 6313 
2591 264 
2592 9940 
2593 4688 
2594 441 
2595 8778 
2596 5791 
2597 3868 
2598 8683 
2599 5291 
2600 9580 
2601 4371 
2602 960 
2603 7357 
2604 8859 
2605 9798 
2606 8891 
2607 1921 
2608 2256 
2609 43 
2610 5401 
2611 2805 
2612 2523 
2613 4715 
2614 7181 
2615 4146 
2616 8677 
2617 6178 
2618 5904 
2619 7280 
2620 8922 
2621 2728 
2622 1676 
2623 7225 
2624 4990 
2625 105 
2626 2204 
2627 9156 
2628 3188 
2629 9400 
2630 7582 
2631 6692 
2632 7540 
2633 9441 
2634 5978 
2635 8838 
2636 104 
2637 9198 
2638 7127 
2639 9122 
2640 6260 
2641 5930 
2642 4490 
2643 577 
2644 8753 
2645 3781 
2646 1809 
2647 2936 
2648 8111 
2649 8571 
2650 6667 
2651 8458 
2652 5404 
2653 8140 
2654 1772 
2655 6871 
2656 2589 
2657 3658 
2658 2801 
2659 864 
2660 5703 
2661 861 
2662 2504 
2663 5786 
2664 7711 
2665 2027 
2666 731 
2667 1893 
2668 7279 
2669 1477 
2670 9749 
2671 3979 
2672 2914 
2673 5836 
2674 7521 
2675 7942 
2676 2636 
2677 4994 
2678 5245 
2679 514 
2680 7576 
2681 4608 
2682 7311 
2683 2779 
2684 2679 
2685 2103 
2686 5620 
2687 4889 
2688 8919 
2689 1634 
2690 7030 
2691 1438 
2692 4138 
2693 8885 
2694 6064 
2695 291 
2696 7960 
2697 635 
2698 4963 
2699 2921 
2700 6628 
2701 265 
2702 344 
2703 8910 
2704 2887 
2705 5268 
2706 1678 
2707 8992 
2708 5252 
2709 7010 
2710 8240 
2711 6280 
2712 1815 
2713 5995 
2714 3451 
2715 7311 
2716 7956 
2717 669 
2718 3151 
2719 4997 
2720 1283 
2721 3317 
2722 5393 
2723 1751 
2724 2692 
2725 5610 
2726 8406 
2727 4143 
2728 8255 
2729 5733 
2730 1594 
2731 8606 
2732 1946 
2733 1600 
2734 2906 
2735 6823 
2736 3567 
2737 8148 
2738 859 
2739 6885 
2740 7784 
2741 4574 
2742 8122 
2743 5743 
2744 3065 
2745 6303 
2746 6582 
2747 3695 
2748 1147 
2749 6779 
2750 7326 
2751 4372 
2752 2607 
2753 1568 
2754 7411 
2755 4561 
2756 8877 
2757 4337 
2758 2185 
2759 5043 
2760 8774 
2761 9070 
2762 1342 
2763 1692 
2764 9078 
2765 8037 
2766 5655 
2767 4332 
2768 3225 
2769 3774 
2770 7601 
2771 6142 
2772 135 
2773 7162 
2774 8857 
2775 4620 
2776 8953 
2777 9288 
2778 9980 
2779 3896 
2780 4811 
2781 1857 
2782 5949 
2783 546 
2784 9677 
2785 5693 
2786 2319 
2787 2961 
2788 8531 
2789 803 
2790 8621 
2791 1932 
2792 6459 
2793 9660 
2794 4171 
2795 5414 
2796 4061 
2797 5782 
2798 7763 
2799 6365 
2800 7341 
2801 9890 
2802 6738 
2803 7030 
2804 2146 
2805 2136 
2806 760 
2807 7859 
2808 8830 
2809 3058 
2810 6973 
2811 992 
2812 837 
2813 9590 
2814 43 
2815 7590 
2816 9873 
2817 6256 
2818 9665 
2819 1231 
2820 3563 
2821 6488 
2822 6913 
2823 3279 
2824 4864 
2825 8547 
2826 1553 
2827 7634 
2828 4325 
2829 473 
2830 5059 
2831 8648 
2832 8407 
2833 2512 
2834 153 
2835 9815 
2836 3979 
2837 4767 
2838 4542 
2839 7134 
2840 6784 
2841 7262 
2842 5414 
2843 2977 
2844 5018 
2845 6227 
2846 4192 
2847 2079 
2848 1665 
2849 8549 
2850 4174 
2851 3654 
2852 8196 
2853 9715 
2854 8996 
2855 9972 
2856 3424 
2857 9047 
2858 2823 
2859 9739 
2860 4893 
2861 631 
2862 8565 
2863 5503 
2864 9357 
2865 3842 
2866 2888 
2867 9245 
2868 5594 
2869 4005 
2870 8976 
2871 9680 
2872 337 
2873 2949 
2874 8807 
2875 3642 
2876 1546 
2877 3841 
2878 2173 
2879 9786 
2880 1754 
2881 6363 
2882 5288 
2883 9717 
2884 9404 
2885 6987 
2886 8252 
2887 8887 
2888 293 
2889 4638 
2890 149 
2891 5651 
2892 9172 
2893 5938 
2894 5149 
2895 3076 
2896 9923 
2897 4829 
2898 3661 
2899 9201 
2900 9116 
2901 3726 
2902 5073 
2903 6696 
2904 6458 
2905 2436 
2906 7631 
2907 7824 
2908 1772 
2909 7004 
2910 2771 
2911 5091 
2912 206 
2913 4636 
2914 3921 
2915 5766 
2916 7586 
2917 6519 
2918 5285 
2919 379 
2920 85 
2921 5054 
2922 9261 
2923 6163 
2924 4203 
2925 2544 
2926 9476 
2927 3806 
2928 9123 
2929 1439 
2930 9173 
2931 9455 
2932 6721 
2933 8246 
2934 4178 
2935 6314 
2936 9636 
2937 1043 
2938 8829 
2939 9494 
2940 6217 
2941 937 
2942 1413 
2943 507 
2944 3137 
2945 9160 
2946 8771 
2947 7191 
2948 9167 
2949 6268 
2950 1254 
2951 468 
2952 400 
2953 7825 
2954 3550 
2955 7791 
2956 7260 
2957 8216 
2958 348 
2959 9862 
2960 4210 
2961 2719 
2962 9458 
2963 9359 
2964 7952 
2965 8921 
2966 5564 
2967 2766 
2968 3036 
2969 4539 
2970 8378 
2971 8578 
2972 4737 
2973 2618 
2974 5524 
2975 3854 
2976 8464 
2977 7513 
2978 3388 
2979 6096 
2980 2964 
2981 1131 
2982 3966 
2983 9113 
2984 7873 
2985 9110 
2986 4154 
2987 3207 
2988 8135 
2989 2025 
2990 5926 
2991 5778 
2992 9446 
2993 8254 
2994 7720 
2995 6901 
2996 3202 
2997 644 
2998 8657 
2999 7419 
3000 7030 
3001 1804 
3002 6812 
3003 7663 
3004 2253 
3005 3911 
3006 9478 
3007 1777 
3008 6396 
3009 4338 
3010 6388 
3011 1534 
3012 9816 
3013 4329 
3014 1798 
3015 1689 
3016 9918 
3017 6369 
3018 8856 
3019 5698 
3020 9364 
3021 6566 
3022 1357 
3023 896 
3024 8608 
3025 1538 
3026 3045 
3027 4745 
3028 474 
3029 6380 
3030 9906 
3031 8181 
3032 3539 
3033 9175 
3034 7859 
3035 7578 
3036 2834 
3037 2112 
3038 282 
3039 5305 
3040 4239 
3041 9188 
3042 4617 
3043 334 
3044 7251 
3045 7266 
3046 1558 
3047 4480 
3048 2857 
3049 815 
3050 7798 
3051 9320 
3052 9598 
3053 3414 
3054 144 
3055 3954 
3056 2082 
3057 8293 
3058 9465 
3059 5470 
3060 1899 
3061 2103 
3062 9081 
3063 8713 
3064 9374 
3065 8209 
3066 1252 
3067 7302 
3068 5291 
3069 1831 
3070 3385 
3071 4998 
3072 5464 
3073 1819 
3074 1307 
3075 8559 
3076 9668 
3077 5654 
3078 4552 
3079 5394 
3080 4320 
3081 9058 
3082 880 
3083 7233 
3084 2547 
3085 9389 
3086 36 
3087 8414 
3088 4143 
3089 9951 
3090 8973 
3091 8716 
3092 3104 
3093 895 
3094 4096 
3095 2813 
3096 9856 
3097 3285 
3098 2266 
3099 8010 
3100 6363 
3101 263 
3102 4433 
3103 5068 
3104 4194 
3105 2361 
3106 8723 
3107 724 
3108 153 
3109 486 
3110 24 
3111 3972 
3112 4688 
3113 9285 
3114 3328 
3115 1237 
3116 4459 
3117 9640 
3118 4271 
3119 3795 
3120 4882 
3121 6452 
3122 9615 
3123 90 
3124 4396 
3125 8302 
3126 7977 
3127 8313 
3128 5247 
3129 2094 
3130 3759 
3131 142 
3132 2039 
3133 263 
3134 9159 
3135 3528 
3136 6412 
3137 5028 
3138 6192 
3139 2515 
3140 9705 
3141 8222 
3142 8057 
3143 1292 
3144 9607 
3145 9174 
3146 6109 
3147 1303 
3148 8588 
3149 2237 
3150 5759 
3151 5256 
3152 4799 
3153 6157 
3154 4915 
3155 7795 
3156 5935 
3157 9144 
3158 9585 
3159 9710 
3160 7276 
3161 772 
3162 9701 
3163 9768 
3164 1388 
3165 7110 
3166 9628 
3167 6154 
3168 1772 
3169 3580 
3170 4257 
3171 4365 
3172 6424 
3173 5978 
3174 4503 
3175 3669 
3176 9528 
3177 1745 
3178 1511 
3179 93 
3180 5633 
3181 1212 
3182 229 
3183 413 
3184 8787 
3185 7004 
3186 6637 
3187 1287 
3188 8403 
3189 4683 
3190 1024 
3191 6211 
3192 3111 
3193 3944 
3194 3374 
3195 9417 
3196 9077 
3197 4314 
3198 8280 
3199 963 
3200 5176 
3201 1565 
3202 9155 
3203 8936 
3204 3333 
3205 3524 
3206 7752 
3207 544 
3208 1792 
3209 1611 
3210 1425 
3211 2112 
3212 5035 
3213 2440 
3214 4862 
3215 9567 
3216 1433 
3217 1002 
3218 1968 
3219 1310 
3220 7143 
3221 1676 
3222 4662 
3223 4650 
3224 3946 
3225 8162 
3226 2602 
3227 5508 
3228 4650 
3229 8136 
3230 4845 
3231 5640 
3232 8274 
3233 126 
3234 2223 
3235 460 
3236 708 
3237 85 
3238 4993 
3239 9973 
3240 8625 
3241 5558 
3242 6385 
3243 2419 
3244 5919 
3245 430 
3246 2671 
3247 5186 
3248 9224 
3249 1373 
3250 8959 
3251 3931 
3252 867 
3253 6405 
3254 218 
3255 5502 
3256 3109 
3257 9878 
3258 6481 
3259 6787 
3260 951 
3261 6587 
3262 9822 
3263 5370 
3264 1774 
3265 153 
3266 7045 
3267 9050 
3268 3611 
3269 3753 
3270 3921 
3271 3734 
3272 5832 
3273 408 
3274 3689 
3275 1983 
3276 9473 
3277 7478 
3278 779 
3279 2033 
3280 2520 
3281 5658 
3282 5174 
3283 3186 
3284 9760 
3285 570 
3286 8366 
3287 8483 
3288 8231 
3289 4058 
3290 6692 
3291 3159 
3292 2297 
3293 4639 
3294 2963 
3295 1687 
3296 6546 
3297 5357 
3298 2531 
3299 6616 
3300 5090 
3301 4456 
3302 9659 
3303 3694 
3304 7422 
3305 6822 
3306 3160 
3307 6865 
3308 9335 
3309 5073 
3310 8777 
3311 3727 
3312 8713 
3313 6718 
3314 9945 
3315 2986 
3316 35 
3317 5625 
3318 1913 
3319 726 
3320 262 
3321 3747 
3322 2942 
3323 6588 
3324 1507 
3325 7451 
3326 9996 
3327 7446 
3328 155 
3329 8786 
3330 6772 
3331 7769 
3332 8629 
3333 554 
3334 2925 
3335 1648 
3336 3261 
3337 8205 
3338 3083 
3339 522 
3340 1928 
3341 601 
3342 6280 
3343 478 
3344 1712 
3345 6923 
3346 8699 
3347 2830 
3348 9859 
3349 8761 
3350 8834 
3351 9310 
3352 6904 
3353 1909 
3354 7858 
3355 6075 
3356 5134 
3357 9099 
3358 2682 
3359 8244 
3360 2300 
3361 3018 
3362 2355 
3363 9975 
3364 1350 
3365 3455 
3366 1484 
3367 7731 
3368 4151 
3369 9663 
3370 7480 
3371 7585 
3372 8690 
3373 3931 
3374 3139 
3375 7160 
3376 2136 
3377 4127 
3378 3951 
3379 6358 
3380 7063 
3381 8699 
3382 4036 
3383 6483 
3384 5436 
3385 8788 
3386 3259 
3387 7689 
3388 962 
3389 6087 
3390 6091 
3391 6344 
3392 5649 
3393 3445 
3394 9440 
3395 51 
3396 5652 
3397 2363 
3398 7831 
3399 9775 
3400 8640 
3401 7048 
3402 8042 
3403 7496 
3404 1824 
3405 8825 
3406 9986 
3407 4233 
3408 8843 
3409 5519 
3410 6319 
3411 4622 
3412 5146 
3413 8367 
3414 9691 
3415 4983 
3416 6497 
3417 9224 
3418 3578 
3419 5458 
3420 1818 
3421 8521 
3422 3967 
3423 5023 
3424 1337 
3425 8593 
3426 7464 
3427 7395 
3428 1850 
3429 5243 
3430 2446 
3431 3080 
3432 4401 
3433 5788 
3434 7831 
3435 9849 
3436 4294 
3437 4593 
3438 2731 
3439 2709 
3440 5322 
3441 4756 
3442 2666 
3443 5071 
3444 9694 
3445 1044 
3446 4487 
3447 9505 
3448 8058 
3449 4749 
3450 301 
3451 745 
3452 9838 
3453 409 
3454 8165 
3455 4109 
3456 8161 
3457 1560 
3458 6427 
3459 8541 
3460 8267 
3461 2378 
3462 8826 
3463 473 
3464 2003 
3465 1385 
3466 6799 
3467 3611 
3468 147 
3469 3962 
3470 8729 
3471 3154 
3472 3985 
3473 4994 
3474 1460 
3475 3977 
3476 5787 
3477 6237 
3478 5538 
3479 2616 
3480 2612 
3481 3454 
3482 5953 
3483 5984 
3484 3426 
3485 6135 
3486 4936 
3487 2511 
3488 3570 
3489 6367 
3490 7456 
3491 3156 
3492 7320 
3493 5114 
3494 3942 
3495 4340 
3496 5473 
3497 4476 
3498 2329 
3499 9864 
3500 3091 
3501 2090 
3502 7876 
3503 4980 
3504 5456 
3505 5886 
3506 3612 
3507 1462 
3508 4036 
3509 1614 
3510 4683 
3511 6210 
3512 77 
3513 6807 
3514 5064 
3515 3449 
3516 2620 
3517 3880 
3518 2946 
3519 4499 
3520 6827 
3521 1699 
3522 1869 
3523 6511 
3524 9066 
3525 3302 
3526 9435 
3527 225 
3528 4388 
3529 8863 
3530 4803 
3531 3741 
3532 6280 
3533 8824 
3534 1624 
3535 2653 
3536 7486 
3537 2008 
3538 6231 
3539 4560 
3540 3505 
3541 2062 
3542 4255 
3543 6095 
3544 3601 
3545 4179 
3546 5298 
3547 2130 
3548 8259 
3549 27 
3550 6941 
3551 1790 
3552 4218 
3553 5702 
3554 8131 
3555 2151 
3556 6560 
3557 3440 
3558 3669 
3559 4484 
3560 2509 
3561 5568 
3562 1964 
3563 5085 
3564 5066 
3565 5856 
3566 8113 
3567 9365 
3568 4855 
3569 4730 
3570 4833 
3571 1549 
3572 8413 
3573 4151 
3574 26 
3575 7099 
3576 3889 
3577 9916 
3578 3956 
3579 967 
3580 5050 
3581 1094 
3582 8145 
3583 8956 
3584 9851 
3585 8312 
3586 5606 
3587 7272 
3588 1246 
3589 2333 
3590 6529 
3591 1802 
3592 3534 
3593 3326 
3594 9453 
3595 9036 
3596 6718 
3597 2239 
3598 9469 
3599 6429 
3600 8517 
3601 2515 
3602 8757 
3603 3233 
3604 602 
3605 3665 
3606 4038 
3607 4948 
3608 2629 
3609 7155 
3610 1639 
3611 2980 
3612 4812 
3613 6218 
3614 5190 
3615 1101 
3616 9802 
3617 6039 
3618 9610 
3619 797 
3620 8439 
3621 6315 
3622 5410 
3623 7502 
3624 1079 
3625 4866 
3626 7216 
3627 6034 
3628 8998 
3629 2822 
3630 1174 
3631 2622 
3632 5610 
3633 7885 
3634 3069 
3635 5064 
3636 5398 
3637 5609 
3638 6770 
3639 8761 
3640 957 
3641 4767 
3642 7281 
3643 5687 
3644 7341 
3645 6453 
3646 7385 
3647 8634 
3648 3851 
3649 5791 
3650 3419 
3651 322 
3652 6370 
3653 6891 
3654 599 
3655 1445 
3656 163 
3657 2582 
3658 5590 
3659 7037 
3660 7285 
3661 7063 
3662 1217 
3663 6523 
3664 8100 
3665 7167 
3666 6760 
3667 434 
3668 4421 
3669 5095 
3670 4320 
3671 333 
3672 4809 
3673 5049 
3674 4145 
3675 6186 
3676 8101 
3677 744 
3678 5609 
3679 2390 
3680 712 
3681 6614 
3682 9752 
3683 9248 
3684 3267 
3685 2895 
3686 2532 
3687 6403 
3688 9202 
3689 2283 
3690 6446 
3691 8164 
3692 6912 
3693 5027 
3694 6773 
3695 1930 
3696 3203 
3697 1249 
3698 907 
3699 2143 
3700 806 
3701 4410 
3702 7738 
3703 2134 
3704 3656 
3705 9801 
3706 169 
3707 7713 
3708 2388 
3709 4175 
3710 5804 
3711 2105 
3712 400 
3713 490 
3714 7412 
3715 5280 
3716 4941 
3717 1528 
3718 8233 
3719 3135 
3720 3904 
3721 6667 
3722 7437 
3723 2452 
3724 5183 
3725 2224 
3726 7500 
3727 5437 
3728 5413 
3729 5767 
3730 1788 
3731 4293 
3732 2115 
3733 9141 
3734 9957 
3735 7412 
3736 6281 
3737 7204 
3738 3643 
3739 5304 
3740 414 
3741 2845 
3742 4280 
3743 328 
3744 2852 
3745 5422 
3746 5984 
3747 2148 
3748 4667 
3749 6855 
3750 9593 
3751 6476 
3752 3 
3753 7157 
3754 3038 
3755 973 
3756 8248 
3757 760 
3758 2209 
3759 7100 
3760 7247 
3761 2970 
3762 717 
3763 9863 
3764 6907 
3765 2711 
3766 7225 
3767 5642 
3768 9044 
3769 8528 
3770 7668 
3771 6324 
3772 5892 
3773 1316 
3774 4237 
3775 1571 
3776 3397 
3777 8215 
3778 3278 
3779 9792 
3780 5535 
3781 9496 
3782 8208 
3783 5479 
3784 1832 
3785 6826 
3786 3032 
3787 2222 
3788 2687 
3789 2003 
3790 402 
3791 5391 
3792 7831 
3793 6071 
3794 279 
3795 4061 
3796 1646 
3797 9538 
3798 3851 
3799 4166 
3800 2529 
3801 9146 
3802 3698 
3803 1528 
3804 5064 
3805 544 
3806 3428 
3807 3974 
3808 6376 
3809 8833 
3810 4526 
3811 2431 
3812 6076 
3813 2121 
3814 8520 
3815 6341 
3816 8087 
3817 2664 
3818 1693 
3819 9755 
3820 4076 
3821 2597 
3822 2106 
3823 2695 
3824 1399 
3825 6372 
3826 2715 
3827 8991 
3828 7814 
3829 1063 
3830 2402 
3831 5058 
3832 5759 
3833 6699 
3834 9153 
3835 1054 
3836 4086 
3837 3333 
3838 290 
3839 966 
3840 8904 
3841 8070 
3842 5473 
3843 7714 
3844 8336 
3845 8563 
3846 6991 
3847 9253 
3848 3601 
3849 8503 
3850 6775 
3851 8953 
3852 5623 
3853 8678 
3854 395 
3855 4917 
3856 4122 
3857 6669 
3858 8717 
3859 1919 
3860 103 
3861 810 
3862 9157 
3863 7750 
3864 2197 
3865 1140 
3866 2363 
3867 3909 
3868 6837 
3869 7696 
3870 6487 
3871 8224 
3872 866 
3873 6387 
3874 695 
3875 9304 
3876 8695 
3877 9840 
3878 7686 
3879 1452 
3880 1489 
3881 8074 
3882 33 
3883 5731 
3884 8209 
3885 37 
3886 9918 
3887 738 
3888 3245 
3889 5680 
3890 4535 
3891 5955 
3892 3511 
3893 195 
3894 6397 
3895 6625 
3896 5372 
3897 8489 
3898 9254 
3899 8264 
3900 5766 
3901 7315 
3902 2982 
3903 8234 
3904 4566 
3905 2644 
3906 9734 
3907 5027 
3908 5679 
3909 7331 
3910 3004 
3911 215 
3912 6160 
3913 5688 
3914 8756 
3915 7272 
3916 4312 
3917 1963 
3918 2041 
3919 447 
3920 8104 
3921 1987 
3922 5265 
3923 8325 
3924 2334 
3925 8922 
3926 7628 
3927 6508 
3928 8768 
3929 4337 
3930 1054 
3931 202 
3932 4336 
3933 3185 
3934 7530 
3935 4930 
3936 5734 
3937 8313 
3938 9828 
3939 7079 
3940 9358 
3941 7936 
3942 7604 
3943 5543 
3944 1210 
3945 9822 
3946 60 
3947 8972 
3948 2111 
3949 5118 
3950 8419 
3951 386 
3952 7772 
3953 5271 
3954 1837 
3955 5117 
3956 6454 
3957 8243 
3958 3649 
3959 8935 
3960 2974 
3961 821 
3962 3158 
3963 1880 
3964 9389 
3965 2913 
3966 2981 
3967 9884 
3968 3968 
3969 3530 
3970 8155 
3971 12 
3972 4222 
3973 3612 
3974 3138 
3975 9034 
3976 8496 
3977 1869 
3978 6514 
3979 8194 
3980 5817 
3981 5012 
3982 1725 
3983 5637 
3984 1515 
3985 9686 
3986 9201 
3987 828 
3988 2728 
3989 2402 
3990 8021 
3991 1446 
3992 8406 
3993 1383 
3994 8031 
3995 1262 
3996 2407 
3997 2336 
3998 8871 
3999 8022 
4000 1086 
4001 1010 
4002 8220 
4003 1751 
4004 666 
4005 1831 
4006 9901 
4007 967 
4008 2190 
4009 1197 
4010 5959 
4011 979 
4012 7288 
4013 2248 
4014 3575 
4015 1437 
4016 745 
4017 7810 
4018 1339 
4019 2467 
4020 4196 
4021 5596 
4022 2884 
4023 4651 
4024 3231 
4025 3601 
4026 9001 
4027 7289 
4028 4492 
4029 6050 
4030 7134 
4031 4147 
4032 1654 
4033 9522 
4034 6591 
4035 2490 
4036 1108 
4037 8278 
4038 8392 
4039 9987 
4040 9121 
4041 6572 
4042 8972 
4043 9099 
4044 4353 
4045 7182 
4046 9122 
4047 1696 
4048 5611 
4049 7601 
4050 7405 
4051 4515 
4052 6789 
4053 4341 
4054 8945 
4055 3198 
4056 1918 
4057 3732 
4058 5517 
4059 2812 
4060 3932 
4061 5431 
4062 2813 
4063 2393 
4064 7547 
4065 3927 
4066 9408 
4067 4592 
4068 7106 
4069 8176 
4070 603 
4071 3459 
4072 6234 
4073 6248 
4074 9761 
4075 6386 
4076 7801 
4077 6441 
4078 3746 
4079 6776 
4080 2791 
4081 46 
4082 638 
4083 619 
4084 5577 
4085 6076 
4086 7355 
4087 7725 
4088 5510 
4089 4156 
4090 2096 
4091 4283 
4092 9955 
4093 4649 
4094 1453 
4095 3357 
4096 732 
4097 3461 
4098 8262 
4099 3114 
4100 8036 
4101 9659 
4102 3656 
4103 6536 
4104 8068 
4105 7110 
4106 4150 
4107 1402 
4108 7510 
4109 4437 
4110 5969 
4111 6252 
4112 246 
4113 4362 
4114 9974 
4115 2910 
4116 122 
4117 2466 
4118 5305 
4119 4310 
4120 3676 
4121 7737 
4122 9105 
4123 2308 
4124 1157 
4125 4392 
4126 6241 
4127 6227 
4128 8808 
4129 7718 
4130 9048 
4131 307 
4132 8995 
4133 2212 
4134 8947 
4135 3392 
4136 4327 
4137 2184 
4138 3337 
4139 2422 
4140 1314 
4141 1813 
4142 7716 
4143 3155 
4144 5188 
4145 4811 
4146 3629 
4147 7625 
4148 3819 
4149 1490 
4150 3024 
4151 8906 
4152 7027 
4153 2606 
4154 8063 
4155 4294 
4156 2952 
4157 8316 
4158 5333 
4159 9930 
4160 3257 
4161 5562 
4162 2755 
4163 158 
4164 637 
4165 6684 
4166 4485 
4167 9867 
4168 9266 
4169 5264 
4170 3934 
4171 1038 
4172 1196 
4173 998 
4174 4081 
4175 8080 
4176 5556 
4177 2553 
4178 3444 
4179 1462 
4180 6365 
4181 7160 
4182 3898 
4183 8437 
4184 173 
4185 7007 
4186 2870 
4187 8206 
4188 9244 
4189 9658 
4190 1089 
4191 4708 
4192 2024 
4193 4002 
4194 4472 
4195 2976 
4196 8947 
4197 9830 
4198 1625 
4199 3624 
4200 796 
4201 344 
4202 3838 
4203 3820 
4204 2650 
4205 1019 
4206 2766 
4207 5051 
4208 8185 
4209 8019 
4210 7732 
4211 5084 
4212 6034 
4213 972 
4214 9585 
4215 4255 
4216 5671 
4217 3762 
4218 5437 
4219 9500 
4220 8612 
4221 2862 
4222 7179 
4223 3298 
4224 3249 
4225 5757 
4226 2895 
4227 1254 
4228 2506 
4229 7286 
4230 727 
4231 9879 
4232 3001 
4233 9777 
4234 4018 
4235 4967 
4236 5257 
4237 6885 
4238 1192 
4239 3126 
4240 8577 
4241 2428 
4242 8737 
4243 7619 
4244 996 
4245 6510 
4246 467 
4247 1917 
4248 9268 
4249 8349 
4250 1939 
4251 6698 
4252 5019 
4253 5853 
4254 4802 
4255 881 
4256 7245 
4257 6988 
4258 6625 
4259 1343 
4260 3817 
4261 2187 
4262 9687 
4263 6955 
4264 2264 
4265 1054 
4266 4930 
4267 3861 
4268 8235 
4269 3256 
4270 6682 
4271 8763 
4272 1586 
4273 2209 
4274 9054 
4275 8697 
4276 1434 
4277 4073 
4278 5824 
4279 6303 
4280 9327 
4281 8116 
4282 8156 
4283 1028 
4284 3848 
4285 3777 
4286 2287 
4287 5779 
4288 4518 
4289 1602 
4290 4003 
4291 3269 
4292 9734 
4293 8868 
4294 6344 
4295 7343 
4296 2053 
4297 569 
4298 1935 
4299 7937 
4300 9397 
4301 7048 
4302 8425 
4303 4635 
4304 7509 
4305 6806 
4306 9291 
4307 6588 
4308 4629 
4309 2817 
4310 2350 
4311 6621 
4312 277 
4313 2718 
4314 7657 
4315 5728 
4316 6521 
4317 4532 
4318 4639 
4319 9229 
4320 8777 
4321 4946 
4322 9535 
4323 3293 
4324 1425 
4325 5077 
4326 3555 
4327 5651 
4328 9211 
4329 698 
4330 4261 
4331 9642 
4332 6962 
4333 8066 
4334 1770 
4335 6703 
4336 9508 
4337 2471 
4338 510 
4339 8708 
4340 3700 
4341 6140 
4342 5621 
4343 1890 
4344 3499 
4345 9787 
4346 5543 
4347 7655 
4348 9753 
4349 5678 
4350 3577 
4351 6060 
4352 499 
4353 5043 
4354 1566 
4355 31 
4356 4132 
4357 1095 
4358 4781 
4359 5876 
4360 9249 
4361 4930 
4362 1473 
4363 1773 
4364 3891 
4365 5983 
4366 7388 
4367 3427 
4368 9252 
4369 6499 
4370 3916 
4371 8017 
4372 6559 
4373 2793 
4374 1169 
4375 4359 
4376 1938 
4377 3897 
4378 3474 
4379 8038 
4380 2929 
4381 3648 
4382 8293 
4383 1444 
4384 3692 
4385 6206 
4386 8812 
4387 9950 
4388 4847 
4389 6673 
4390 2739 
4391 3372 
4392 5613 
4393 5882 
4394 1081 
4395 283 
4396 2379 
4397 2453 
4398 2800 
4399 5984 
4400 9904 
4401 2495 
4402 7945 
4403 2472 
4404 4435 
4405 3793 
4406 2044 
4407 1678 
4408 7498 
4409 6473 
4410 5528 
4411 4016 
4412 1509 
4413 6874 
4414 1536 
4415 7465 
4416 6478 
4417 4161 
4418 1735 
4419 2428 
4420 2694 
4421 7001 
4422 8879 
4423 9332 
4424 1203 
4425 756 
4426 3579 
4427 8033 
4428 3530 
4429 9797 
4430 5720 
4431 6769 
4432 4419 
4433 5703 
4434 8089 
4435 5717 
4436 4879 
4437 917 
4438 6304 
4439 3339 
4440 2776 
4441 5754 
4442 7004 
4443 2651 
4444 8121 
4445 5084 
4446 3634 
4447 7665 
4448 6970 
4449 3707 
4450 6465 
4451 2558 
4452 2883 
4453 3035 
4454 5790 
4455 3223 
4456 6879 
4457 7289 
4458 9043 
4459 2497 
4460 8954 
4461 2812 
4462 315 
4463 2233 
4464 4196 
4465 1924 
4466 556 
4467 2929 
4468 2906 
4469 8167 
4470 8965 
4471 3867 
4472 4530 
4473 8478 
4474 527 
4475 3925 
4476 7099 
4477 6781 
4478 3862 
4479 4766 
4480 9949 
4481 5938 
4482 189 
4483 520 
4484 5922 
4485 3082 
4486 1379 
4487 4440 
4488 4757 
4489 4170 
4490 6714 
4491 7833 
4492 9331 
4493 9337 
4494 622 
4495 855 
4496 1304 
4497 7923 
4498 4013 
4499 8322 
4500 3722 
4501 4693 
4502 8434 
4503 1553 
4504 6456 
4505 805 
4506 9208 
4507 6421 
4508 8064 
4509 4092 
4510 6370 
4511 7207 
4512 2769 
4513 7915 
4514 5972 
4515 4958 
4516 9517 
4517 2668 
4518 3865 
4519 6083 
4520 4312 
4521 689 
4522 8509 
4523 7161 
4524 6532 
4525 7646 
4526 9821 
4527 2024 
4528 1064 
4529 8183 
4530 7563 
4531 4432 
4532 6953 
4533 1674 
4534 1526 
4535 5920 
4536 385 
4537 4567 
4538 7213 
4539 4226 
4540 2287 
4541 9404 
4542 685 
4543 8521 
4544 8838 
4545 8565 
4546 3757 
4547 4823 
4548 2119 
4549 2412 
4550 2475 
4551 7316 
4552 16 
4553 1599 
4554 9303 
4555 8661 
4556 1434 
4557 3324 
4558 1166 
4559 7147 
4560 517 
4561 3178 
4562 8120 
4563 9348 
4564 6878 
4565 9112 
4566 6568 
4567 9863 
4568 1082 
4569 1906 
4570 2386 
4571 1080 
4572 6274 
4573 2806 
4574 4767 
4575 8695 
4576 4918 
4577 7528 
4578 6629 
4579 7294 
4580 9728 
4581 5867 
4582 96 
4583 444 
4584 8815 
4585 5755 
4586 3623 
4587 6320 
4588 1910 
4589 6774 
4590 8141 
4591 9895 
4592 2877 
4593 1941 
4594 8324 
4595 75 
4596 4190 
4597 5184 
4598 6789 
4599 4282 
4600 2717 
4601 6930 
4602 8011 
4603 2650 
4604 900 
4605 9646 
4606 4429 
4607 3195 
4608 2520 
4609 2845 
4610 1988 
4611 6269 
4612 3679 
4613 7125 
4614 5707 
4615 5352 
4616 4609 
4617 6096 
4618 8828 
4619 3977 
4620 65 
4621 3618 
4622 3337 
4623 8477 
4624 6035 
4625 9077 
4626 9895 
4627 1309 
4628 1361 
4629 111 
4630 4065 
4631 919 
4632 7603 
4633 4428 
4634 6223 
4635 9110 
4636 6608 
4637 246 
4638 5840 
4639 6422 
4640 5507 
4641 1185 
4642 8344 
4643 8654 
4644 8276 
4645 9855 
4646 7167 
4647 2725 
4648 6428 
4649 2222 
4650 4693 
4651 4642 
4652 5758 
4653 1592 
4654 9761 
4655 1794 
4656 2739 
4657 305 
4658 266 
4659 8260 
4660 773 
4661 4439 
4662 2132 
4663 5329 
4664 7474 
4665 7662 
4666 2120 
4667 4951 
4668 20 
4669 522 
4670 4309 
4671 9618 
4672 6400 
4673 7650 
4674 5482 
4675 4253 
4676 5352 
4677 5851 
4678 6334 
4679 7230 
4680 1490 
4681 9893 
4682 9031 
4683 940 
4684 648 
4685 780 
4686 5616 
4687 3749 
4688 5257 
4689 8003 
4690 5829 
4691 1702 
4692 8534 
4693 9700 
4694 9572 
4695 2441 
4696 5343 
4697 9920 
4698 8317 
4699 1726 
4700 1739 
4701 6546 
4702 9323 
4703 769 
4704 7885 
4705 9482 
4706 7660 
4707 535 
4708 8642 
4709 8815 
4710 8644 
4711 8819 
4712 431 
4713 6669 
4714 5123 
4715 1466 
4716 4034 
4717 4883 
4718 6981 
4719 1744 
4720 2229 
4721 8556 
4722 7625 
4723 2493 
4724 3648 
4725 4597 
4726 3295 
4727 1118 
4728 4804 
4729 5135 
4730 85 
4731 3027 
4732 5029 
4733 4627 
4734 767 
4735 4522 
4736 4233 
4737 9654 
4738 367 
4739 9486 
4740 1458 
4741 5678 
4742 3059 
4743 9717 
4744 4717 
4745 2234 
4746 5063 
4747 2968 
4748 9098 
4749 3910 
4750 7154 
4751 249 
4752 2234 
4753 8373 
4754 6877 
4755 5457 
4756 8785 
4757 9112 
4758 6379 
4759 8844 
4760 4162 
4761 2406 
4762 1800 
4763 1628 
4764 4078 
4765 312 
4766 1689 
4767 3355 
4768 5393 
4769 6739 
4770 4260 
4771 9109 
4772 3059 
4773 9519 
4774 4620 
4775 5928 
4776 2719 
4777 5968 
4778 4717 
4779 3801 
4780 2279 
4781 6603 
4782 6323 
4783 9983 
4784 1346 
4785 3528 
4786 1912 
4787 3622 
4788 8008 
4789 2118 
4790 3910 
4791 3863 
4792 6457 
4793 9696 
4794 1803 
4795 6799 
4796 7385 
4797 8809 
4798 7905 
4799 5171 
4800 8653 
4801 7079 
4802 193 
4803 5770 
4804 5504 
4805 1270 
4806 271 
4807 1056 
4808 9273 
4809 1641 
4810 6463 
4811 3207 
4812 9799 
4813 4501 
4814 4760 
4815 2424 
4816 5170 
4817 701 
4818 7640 
4819 6851 
4820 8123 
4821 3726 
4822 3148 
4823 5665 
4824 4020 
4825 6208 
4826 1930 
4827 5916 
4828 3389 
4829 2718 
4830 1751 
4831 9136 
4832 4897 
4833 9545 
4834 8736 
4835 5055 
4836 7577 
4837 8510 
4838 5706 
4839 3855 
4840 5796 
4841 4514 
4842 1023 
4843 3144 
4844 2320 
4845 5366 
4846 8329 
4847 1861 
4848 6663 
4849 9827 
4850 6002 
4851 7813 
4852 8713 
4853 9538 
4854 173 
4855 3402 
4856 4171 
4857 6665 
4858 6787 
4859 7045 
4860 5403 
4861 174 
4862 2180 
4863 5410 
4864 3427 
4865 3210 
4866 1000 
4867 3102 
4868 5342 
4869 2577 
4870 9574 
4871 7736 
4872 6566 
4873 5560 
4874 4155 
4875 1909 
4876 5001 
4877 6447 
4878 2770 
4879 4772 
4880 8191 
4881 4361 
4882 8758 
4883 6717 
4884 7682 
4885 9834 
4886 2176 
4887 4794 
4888 7841 
4889 8512 
4890 8032 
4891 5111 
4892 1271 
4893 5883 
4894 84 
4895 7587 
4896 7036 
4897 2895 
4898 9968 
4899 6796 
4900 985 
4901 3694 
4902 4875 
4903 5635 
4904 419 
4905 178 
4906 1458 
4907 4565 
4908 333 
4909 1383 
4910 918 
4911 9204 
4912 5243 
4913 8287 
4914 1429 
4915 2054 
4916 4418 
4917 4849 
4918 7286 
4919 2770 
4920 4189 
4921 6723 
4922 5124 
4923 2699 
4924 2294 
4925 7725 
4926 5134 
4927 1109 
4928 7278 
4929 6783 
4930 6934 
4931 6942 
4932 6486 
4933 6483 
4934 2965 
4935 6786 
4936 2866 
4937 7693 
4938 7581 
4939 2395 
4940 845 
4941 3702 
4942 6644 
4943 412 
4944 6367 
4945 514 
4946 1761 
4947 372 
4948 8530 
4949 9806 
4950 3419 
4951 3390 
4952 8254 
4953 5226 
4954 3305 
4955 1016 
4956 1743 
4957 1720 
4958 1162 
4959 9616 
4960 2147 
4961 6935 
4962 3660 
4963 7262 
4964 9130 
4965 3454 
4966 5792 
4967 6167 
4968 627 
4969 7579 
4970 1918 
4971 7507 
4972 5889 
4973 7163 
4974 1171 
4975 2287 
4976 4440 
4977 5293 
4978 6567 
4979 4672 
4980 8672 
4981 8952 
4982 3670 
4983 8497 
4984 6195 
4985 7735 
4986 2736 
4987 1731 
4988 4331 
4989 2380 
4990 2354 
4991 9031 
4992 9527 
4993 5624 
4994 4814 
4995 4147 
4996 6802 
4997 3251 
4998 2259 
4999 3561 
5000 9979 