1 4216 
2 6549 
3 6459 
4 8867 
5 8392 
6 1683 
7 996 
8 2174 
9 2905 
10 5175 
11 7474 
12 4694 
13 4520 
14 4996 
15 2319 
16 9163 
17 1593 
18 3993 
19 7778 
20 3807 
21 8309 
22 467 
23 6333 
24 1168 
25 7520 
26 5051 
27 6016 
28 1301 
29 7050 
30 9725 
31 8720 
32 6583 
33 4529 
34 1811 
35 3910 
36 7941 
37 9866 
38 3788 
39 6435 
40 5027 
41 3430 
42 1038 
43 4388 
44 3188 
45 4795 
46 3607 
47 6077 
48 321 
49 9588 
50 7301 
1 4216 
2 6549 
3 6459 
4 8867 
5 8392 
6 1683 
7 996 
8 2174 
9 2905 
10 5175 
11 7474 
12 4694 
13 4520 
14 4996 
15 2319 
16 9163 
17 1593 
18 3993 
19 7778 
20 3807 
21 8309 
22 467 
23 6333 
24 1168 
25 7520 
26 5051 
27 6016 
28 1301 
29 7050 
30 9725 
31 8720 
32 6583 
33 4529 
34 1811 
35 3910 
36 7941 
37 9866 
38 3788 
39 6435 
40 5027 
41 3430 
42 1038 
43 4388 
44 3188 
45 4795 
46 3607 
47 6077 
48 321 
49 9588 
50 7301 
1 4216 
2 6549 
3 6459 
4 8867 
5 8392 
6 1683 
7 996 
8 2174 
9 2905 
10 5175 
11 7474 
12 4694 
13 4520 
14 4996 
15 2319 
16 9163 
17 1593 
18 3993 
19 7778 
20 3807 
21 8309 
22 467 
23 6333 
24 1168 
25 7520 
26 5051 
27 6016 
28 1301 
29 7050 
30 9725 
31 8720 
32 6583 
33 4529 
34 1811 
35 3910 
36 7941 
37 9866 
38 3788 
39 6435 
40 5027 
41 3430 
42 1038 
43 4388 
44 3188 
45 4795 
46 3607 
47 6077 
48 321 
49 9588 
50 7301 
1 4216 
2 6549 
3 6459 
4 8867 
5 8392 
6 1683 
7 996 
8 2174 
9 2905 
10 5175 
11 7474 
12 4694 
13 4520 
14 4996 
15 2319 
16 9163 
17 1593 
18 3993 
19 7778 
20 3807 
21 8309 
22 467 
23 6333 
24 1168 
25 7520 
26 5051 
27 6016 
28 1301 
29 7050 
30 9725 
31 8720 
32 6583 
33 4529 
34 1811 
35 3910 
36 7941 
37 9866 
38 3788 
39 6435 
40 5027 
41 3430 
42 1038 
43 4388 
44 3188 
45 4795 
46 3607 
47 6077 
48 321 
49 9588 
50 7301 
1 4216 
2 6549 
3 6459 
4 8867 
5 8392 
6 1683 
7 996 
8 2174 
9 2905 
10 5175 
11 7474 
12 4694 
13 4520 
14 4996 
15 2319 
16 9163 
17 1593 
18 3993 
19 7778 
20 3807 
21 8309 
22 467 
23 6333 
24 1168 
25 7520 
26 5051 
27 6016 
28 1301 
29 7050 
30 9725 
31 8720 
32 6583 
33 4529 
34 1811 
35 3910 
36 7941 
37 9866 
38 3788 
39 6435 
40 5027 
41 3430 
42 1038 
43 4388 
44 3188 
45 4795 
46 3607 
47 6077 
48 321 
49 9588 
50 7301 
1 4216 
2 6549 
3 6459 
4 8867 
5 8392 
6 1683 
7 996 
8 2174 
9 2905 
10 5175 
11 7474 
12 4694 
13 4520 
14 4996 
15 2319 
16 9163 
17 1593 
18 3993 
19 7778 
20 3807 
21 8309 
22 467 
23 6333 
24 1168 
25 7520 
26 5051 
27 6016 
28 1301 
29 7050 
30 9725 
31 8720 
32 6583 
33 4529 
34 1811 
35 3910 
36 7941 
37 9866 
38 3788 
39 6435 
40 5027 
41 3430 
42 1038 
43 4388 
44 3188 
45 4795 
46 3607 
47 6077 
48 321 
49 9588 
50 7301 
1 4216 
2 6549 
3 6459 
4 8867 
5 8392 
6 1683 
7 996 
8 2174 
9 2905 
10 5175 
11 7474 
12 4694 
13 4520 
14 4996 
15 2319 
16 9163 
17 1593 
18 3993 
19 7778 
20 3807 
21 8309 
22 467 
23 6333 
24 1168 
25 7520 
26 5051 
27 6016 
28 1301 
29 7050 
30 9725 
31 8720 
32 6583 
33 4529 
34 1811 
35 3910 
36 7941 
37 9866 
38 3788 
39 6435 
40 5027 
41 3430 
42 1038 
43 4388 
44 3188 
45 4795 
46 3607 
47 6077 
48 321 
49 9588 
50 7301 
1 4216 
2 6549 
3 6459 
4 8867 
5 8392 
6 1683 
7 996 
8 2174 
9 2905 
10 5175 
11 7474 
12 4694 
13 4520 
14 4996 
15 2319 
16 9163 
17 1593 
18 3993 
19 7778 
20 3807 
21 8309 
22 467 
23 6333 
24 1168 
25 7520 
26 5051 
27 6016 
28 1301 
29 7050 
30 9725 
31 8720 
32 6583 
33 4529 
34 1811 
35 3910 
36 7941 
37 9866 
38 3788 
39 6435 
40 5027 
41 3430 
42 1038 
43 4388 
44 3188 
45 4795 
46 3607 
47 6077 
48 321 
49 9588 
50 7301 
1 4216 
2 6549 
3 6459 
4 8867 
5 8392 
6 1683 
7 996 
8 2174 
9 2905 
10 5175 
11 7474 
12 4694 
13 4520 
14 4996 
15 2319 
16 9163 
17 1593 
18 3993 
19 7778 
20 3807 
21 8309 
22 467 
23 6333 
24 1168 
25 7520 
26 5051 
27 6016 
28 1301 
29 7050 
30 9725 
31 8720 
32 6583 
33 4529 
34 1811 
35 3910 
36 7941 
37 9866 
38 3788 
39 6435 
40 5027 
41 3430 
42 1038 
43 4388 
44 3188 
45 4795 
46 3607 
47 6077 
48 321 
49 9588 
50 7301 
1 4216 
2 6549 
3 6459 
4 8867 
5 8392 
6 1683 
7 996 
8 2174 
9 2905 
10 5175 
11 7474 
12 4694 
13 4520 
14 4996 
15 2319 
16 9163 
17 1593 
18 3993 
19 7778 
20 3807 
21 8309 
22 467 
23 6333 
24 1168 
25 7520 
26 5051 
27 6016 
28 1301 
29 7050 
30 9725 
31 8720 
32 6583 
33 4529 
34 1811 
35 3910 
36 7941 
37 9866 
38 3788 
39 6435 
40 5027 
41 3430 
42 1038 
43 4388 
44 3188 
45 4795 
46 3607 
47 6077 
48 321 
49 9588 
50 7301 